plot,plant,line_raw_slope (N/m),height(cm),Ratio,Brnum,Color
1259,1,312.9307137,263,0.46062131,3,blue
1259,2,305.9929139,280,0.349770048,3,blue
1259,3,351.4865628,273,0.449098829,3,blue
1259,4,145.2476893,261.5,0.586884689,2,blue
1259,5,257.5052302,273,0.639264586,3,blue
1259,6,360.5438979,283.5,0.328301923,3,blue
1259,7,389.2401486,274.5,0.411175969,3,blue
1259,8,365.3009208,266,0.715021222,3,blue
1259,9,327.7514059,263.5,0.473099662,3,blue
1259,10,349.7660814,273,0.283590026,3,blue
1260,1,126.5087641,233.5,0.54293375,3,blue
1260,3,102.2821765,248,0.028243874,2,blue
1260,4,73.68631877,247,0.314119675,2,blue
1260,5,141.2236604,259,0.678708851,1,blue
1260,6,83.44952153,230,0.47811779,2,blue
1260,7,90.9540438,250,0.622244436,2,blue
1260,8,105.5700827,250,0.872204173,1,blue
1260,9,43.69615302,227,0.823354681,1,blue
1260,10,88.04037173,228.5,0.830995795,2,blue
1260,11,151.2597574,265,0.445148055,2,blue
1260,12,109.5256614,222.5,0.51411229,2,blue
1261,1,73.52974091,244.5,0.770743818,1,blue
1261,2,112.2254012,252.5,0.558065757,1,blue
1261,3,123.5031899,253,0.218286445,2,blue
1261,4,89.5957613,250,0.725678811,2,blue
1261,5,88.30896175,232,0.46915865,2,blue
1262,1,284.2308218,183,0.929456408,3,blue
1262,2,252.2008408,174,0.461212906,3,blue
1262,3,247.1586219,174.5,0.654501311,2,blue
1262,4,254.8321791,174.5,0.599767458,3,blue
1262,5,162.6000858,172.5,0.453277142,2,blue
1262,6,158.035492,172.5,0.848697479,3,blue
1262,7,112.8212117,170.5,0.689280193,3,blue
1262,8,135.4702705,172,0.721794941,3,blue
1262,9,97.6950128,175.5,0.266446311,3,blue
1262,10,104.88885,172.5,0.855280632,2,blue
1262,11,101.4508563,173,0.659005668,2,blue
1262,12,122.3520555,171,0.8723557,2,blue
1262,13,77.58178659,150.5,0.743655166,2,blue
1262,14,124.9201468,172,0.455226663,3,blue
1262,15,219.8231776,179,0.756800986,3,blue
1262,16,247.7926795,167,0.802203861,3,blue
1263,1,220.5546973,219,0.64278218,2,blue
1263,2,174.3644364,197,0.903645089,1,blue
1263,3,126.0201416,188.5,0.621660865,2,blue
1263,4,99.79007581,196,0.679898015,2,blue
1263,5,120.4021319,211,0.353213545,2,blue
1263,6,144.2906536,212,0.696387494,2,blue
1263,7,153.568263,214.5,0.646617317,2,blue
1263,8,123.3808997,177,0.865494152,1,blue
1263,9,61.97006583,203,0.498196331,2,blue
1263,10,176.3760244,211.5,0.571154299,2,blue
1263,11,187.4991612,199,0.848673936,2,blue
1263,13,211.6706948,192,0.580337021,2,blue
1264,1,171.3899416,231,0.432260111,3,blue
1264,2,188.1283811,221,0.659245722,2,blue
1264,3,134.0233682,195,0.816296361,1,blue
1264,4,150.4075614,227,0.783013387,1,blue
1264,5,130.3681383,242,0.984539483,1,blue
1264,6,169.3459855,240,0.776661034,2,blue
1264,7,161.3211853,237,0.617701583,1,blue
1264,8,177.99598,220,0.777490106,1,blue
1264,9,78.2751445,181,0.847259488,2,blue
1264,10,189.616078,224,0.228784863,3,blue
1265,1,119.6746424,252.5,0.603637247,2,blue
1265,2,121.6223739,254,0.282905144,2,blue
1265,3,38.22434262,231,0.69525242,1,blue
1265,4,105.0214776,269.5,0.397081996,2,blue
1265,5,51.91409817,269.5,0.525477987,2,blue
1265,6,75.46592696,244,0.511528363,2,blue
1265,7,55.83122091,261,0.926788383,2,blue
1265,8,90.2812669,270,0.571340052,1,blue
1265,9,20.11495501,235,0.664296748,1,blue
1265,10,117.0177808,256,0.576636936,1,blue
1265,11,68.87892978,239,0.357888709,2,blue
1266,1,212.0118458,217,0.646093436,2,blue
1266,2,235.0300822,218,0.601125664,2,blue
1266,3,88.86987754,198,0.823300882,2,blue
1266,4,196.5459027,201,0.741609929,2,blue
1266,5,173.8234242,204,0.838499582,1,blue
1266,6,165.0131184,223,1.017583189,1,blue
1266,7,191.4017504,207,0.756385911,2,blue
1266,8,129.1005386,207,0.860127981,2,blue
1266,11,85.47642905,203,0.574616918,2,blue
1266,12,236.7511177,212,0.721644526,2,blue
1266,13,225.8092741,217,0.531295525,3,blue
1266,14,215.6787138,215,0.757023018,2,blue
1266,15,259.3131395,212,0.66610745,2,blue
1267,1,102.2407695,174,0.705425635,1,blue
1267,2,85.25239579,189,0.603019516,1,blue
1267,3,107.9902499,192,0.616816575,1,blue
1267,4,157.5202081,192,0.537035776,2,blue
1267,5,154.8605702,205,0.761163954,1,blue
1267,6,119.7114641,193,0.636408648,2,blue
1267,7,111.3191264,192,0.692003595,1,blue
1268,1,60.19009004,208,0.504019754,2,blue
1268,2,58.94059951,208,0.384630727,2,blue
1268,3,69.2385604,190,0.523238666,2,blue
1269,1,100.0674344,176,0.624733792,3,blue
1270,1,204.909944,224,0.448288194,3,blue
1270,3,229.8976351,227,0.433743811,3,blue
1270,4,126.6755946,219,0.728317559,2,blue
1270,5,106.5913778,213,0.694739132,2,blue
1270,6,135.7162591,197,0.73426058,3,blue
1270,7,148.8101735,216,0.60637804,2,blue
1270,8,170.0647752,224,0.787453285,2,blue
1270,9,200.9528544,226,0.53073108,2,blue
1270,10,213.3523646,215,0.873040737,2,blue
1270,11,183.1558075,228,0.578975787,2,blue
1270,12,177.1935237,211,0.67462084,3,blue
1270,13,112.2052699,223,0.664212723,3,blue
1270,14,199.9508339,220,0.506243347,3,blue
1271,1,108.5620627,199,0.389532465,3,blue
1271,2,90.75494694,220,0.511406415,2,blue
1271,3,126.8894839,209,0.647534056,2,blue
1271,4,104.995711,201,0.820917543,2,blue
1271,5,29.87046701,209,0.508550615,2,blue
1271,6,111.1971299,211,0.724056605,2,blue
1271,7,188.4426527,208,0.617580207,2,blue
1271,8,77.14792929,202,0.559258228,2,blue
1271,9,101.2407172,212,-0.000336919,2,blue
1271,10,94.91706308,215,0.571942117,2,blue
1271,11,80.0424901,220,0.566844435,2,blue
1271,12,66.08750991,204,0.744322449,2,blue
1271,13,109.4233101,203,0.486784957,2,blue
1273,1,87.64746587,184,0.190606299,3,blue
1273,2,93.23317806,186,0.476135361,3,blue
1273,3,81.38631971,179,0.426963029,3,blue
1273,4,65.78286849,186,0.65463383,2,blue
1273,5,75.01784091,179,0.364997484,3,blue
1273,6,63.52683146,163,0.246407991,3,blue
1273,7,92.16012006,181,0.470363415,3,blue
1273,8,57.19412421,188,0.491650492,3,blue
1273,9,62.39287088,179.5,0.702834811,2,blue
1273,10,50.29011686,177,0.727603722,2,blue
1273,11,69.46564169,178,0.46456067,3,blue
1274,1,134.6684538,237,0.679990402,2,blue
1274,2,85.13485133,245,0.975951448,1,blue
1274,3,100.8388994,222,0.670210093,1,blue
1274,4,86.13257065,215,0.787027579,1,blue
1274,5,85.05685836,220,0.867673388,1,blue
1274,6,50.14079022,211,1.026759294,1,blue
1274,7,104.3983718,211,0.866844435,1,blue
1274,8,79.87208211,173,1.028067536,1,blue
1274,9,48.85332297,170,0.816227897,1,blue
1274,10,84.15244339,221,1.015619251,1,blue
1274,11,118.8598598,217,0.830292504,1,blue
1274,12,125.0597539,194,1.062776468,1,blue
1275,1,110.8833539,223,0.610139738,2,blue
1275,2,61.09898592,224,0.842036723,1,blue
1275,3,96.03894855,219,0.821093124,2,blue
1275,4,69.48814048,207,0.874562644,2,blue
1275,5,101.4630178,221,0.830607261,1,blue
1275,6,80.78475222,222,0.876565404,1,blue
1275,7,33.93311927,208,0.749303064,1,blue
1275,8,25.98440394,168,0.631887106,1,blue
1275,9,66.04516389,220,0.729475875,2,blue
1275,10,98.32073192,214,0.942393604,2,blue
1275,11,70.69526512,211,1.013833164,2,blue
1275,12,95.24704544,211,0.702240274,2,blue
1275,14,86.19376879,219,0.623420035,2,blue
1275,15,62.7175291,212,0.576755136,2,blue
1275,16,123.914302,211,0.575880482,2,blue
1276,1,109.1519679,256,0.497627079,2,blue
1276,2,103.7776905,251,0.659518563,2,blue
1276,3,69.13308468,253.5,0.665792281,2,blue
1276,4,31.51608192,245.5,0.837344293,2,blue
1276,5,50.26722752,246,0.383831346,2,blue
1276,6,54.68310892,236,0.417423502,2,blue
1276,7,52.81845035,251,0.584560767,2,blue
1276,8,46.45084916,232,0.464984141,2,blue
1276,9,101.3091868,253,0.792533789,2,blue
1276,10,102.5896528,252,0.776600875,2,blue
1276,11,96.23717518,237,0.555812822,2,blue
1276,12,61.82151055,223,0.358720767,2,blue
1276,13,51.20076897,210,0.201930131,2,blue
1276,14,77.48219884,230,0.57167672,2,blue
1276,15,81.38736064,240,0.719147443,2,blue
1276,16,127.7365101,252.5,0.640405442,2,blue
1277,1,139.5330215,207,0.662311979,2,blue
1277,2,67.92274966,194,0.594668033,2,blue
1277,3,144.0985338,206,0.327635461,3,blue
1277,4,165.0572151,220,0.467699314,3,blue
1277,5,130.2293581,222,0.531409873,2,blue
1277,6,106.5435752,218,0.479722236,3,blue
1277,7,76.89101948,209,0.513490318,2,blue
1277,8,47.53889789,200,0.530862996,2,blue
1277,9,116.9706853,212,0.778465505,2,blue
1277,10,69.27643348,208,0.399372138,3,blue
1277,11,104.2870831,217,0.440121798,2,blue
1277,12,128.6180071,216,0.659468782,2,blue
1277,13,96.41465076,193,0.507714909,2,blue
1278,1,43.16959897,176,0.04708339,2,blue
1278,2,50.30351577,182,0.447447595,2,blue
1278,3,45.60154192,182,0.600669454,1,blue
1278,4,71.10923619,192,0.701590643,1,blue
1278,5,40.10620613,196,0.607383462,1,blue
1278,6,54.22301608,191,0.62426079,2,blue
1278,7,55.52424401,194,0.460152301,2,blue
1278,8,47.84275048,168,0.541803548,2,blue
1278,9,47.75567533,178,0.896715077,1,blue
1278,10,57.37477322,159,1.038264763,2,blue
1279,1,80.83906425,185,0.832484582,2,blue
1279,2,53.94283518,174,0.817415848,1,blue
1279,3,46.71348954,178,0.723124658,1,blue
1279,4,19.77551197,172,0.965442421,1,blue
1279,5,8.121038329,160,0.954451337,1,blue
1279,6,63.3024838,184,0.783780374,2,blue
1279,7,19.43192512,163,0.747901707,1,blue
1280,1,120.3561779,205,0.695663223,2,blue
1280,2,118.5579503,205,0.838102963,1,blue
1280,3,48.37818428,189,0.149425258,2,blue
1280,4,84.02875969,208,0.535508101,2,blue
1280,5,91.19616609,206,0.560392708,2,blue
1280,6,60.61262376,197,0.632370019,2,blue
1280,7,95.97164608,198,0.695078202,2,blue
1280,8,90.31314491,190,0.642232269,2,blue
1280,9,135.4889791,201,0.530487301,2,blue
1280,10,147.7796831,187,0.654266236,2,blue
1280,11,188.3243507,200,0.47947183,2,blue
1280,12,91.92210128,200,0.313589161,2,blue
1280,13,101.0761093,195,0.236940255,2,blue
1280,14,102.1939504,196.5,0.504146425,2,blue
1282,1,91.47542236,187,0.489085436,2,blue
1282,2,112.9558136,197,0.681721791,2,blue
1282,3,89.74698949,187,0.53035698,2,blue
1282,4,75.10979399,178,0.354361906,2,blue
1282,5,39.1636975,178,0.659405843,2,blue
1282,6,29.15999714,176,0.757264168,1,blue
1282,7,88.44055238,180,0.902907176,2,blue
1282,8,119.754593,180,0.708543392,2,blue
1283,1,99.28896019,184,0.823046405,1,blue
1283,2,125.0047173,181,0.790303687,1,blue
1283,3,120.0328165,175,0.597569574,2,blue
1283,4,73.69087602,172,0.726867688,2,blue
1283,5,99.18845115,173,0.373330439,2,blue
1283,6,151.437615,164,0.689544514,2,blue
1283,7,35.9204222,151,0.81091589,1,blue
1283,8,109.873593,159,0.353150844,3,blue
1284,1,109.1240363,233,0.363347585,3,blue
1284,2,123.8492517,252.5,0.369638022,3,blue
1284,3,150.3202499,252,0.655690023,2,blue
1284,4,89.03341015,260.5,0.499868478,2,blue
1284,5,101.448127,258.5,0.450208209,2,blue
1284,6,114.2628197,244,0.311962448,2,blue
1284,7,100.2594546,236,0.626245753,2,blue
1284,8,77.41204274,227,0.445774884,2,blue
1284,9,112.5337202,239,0.738185416,2,blue
1284,10,157.6555689,247,0.44117915,2,blue
1284,11,166.5067798,239,0.565187269,2,blue
1284,12,135.0948355,239,0.49602679,2,blue
1284,13,116.4878446,240,0.448811261,2,blue
1284,14,158.1784835,245,0.471733915,3,blue
1284,15,152.5986526,226,0.291483375,3,blue
1285,1,197.2628611,191,0.807537728,2,blue
1285,2,220.9053681,172,0.564814639,2,blue
1285,3,246.2867665,172,0.864066586,1,blue
1285,5,167.7968868,185,0.928837682,1,blue
1285,6,180.1000484,183,0.945552062,1,blue
1285,8,199.9649497,186,0.693046541,1,blue
1285,9,128.6123482,188,1.012785833,1,blue
1285,10,187.5124854,186,0.950005661,1,blue
1285,11,130.3683991,183,1.014936065,1,blue
1285,12,166.7356034,178,0.85539145,1,blue
1285,13,141.3194012,188,0.924884133,1,blue
1285,14,74.63721625,185,0.882246245,1,blue
1286,1,77.19981751,192,0.871417988,2,blue
1286,2,32.21123665,192,0.874613237,2,blue
1286,3,38.62250416,191,0.886545645,2,blue
1286,5,93.63401985,215,0.654317967,3,blue
1286,6,69.31456919,201,0.665604069,2,blue
1286,7,74.05795982,201,0.893609069,2,blue
1286,8,49.13428716,190,0.983365595,2,blue
1287,1,136.0119238,219,0.576477289,2,blue
1287,2,165.1614391,218,0.71257099,2,blue
1287,3,70.59604545,201,0.658188347,2,blue
1287,4,153.513978,213,0.789415664,2,blue
1287,5,169.0442097,209,0.866814912,2,blue
1287,6,265.8115371,224,0.541814779,2,blue
1287,7,137.7174152,212,0.787726014,1,blue
1287,8,158.7686446,206,0.967661625,2,blue
1287,9,135.9356117,206,0.716908733,2,blue
1287,10,105.0878989,211,0.908345182,2,blue
1287,11,118.6178948,221,0.917893958,2,blue
1287,12,156.9032695,222,0.702330353,2,blue
1287,13,100.6531222,215,0.782578229,1,blue
1287,14,135.359153,209,0.727884592,2,blue
1287,15,110.3079978,211,0.636347275,2,blue
1287,16,129.7821093,213,0.23134391,3,blue
1288,1,34.7137434,165,0.564084931,2,blue
1288,2,44.10110472,165,0.472688955,2,blue
1288,3,47.06283657,170,0.767965186,2,blue
1288,4,30.38726989,172,0.643084306,2,blue
1288,5,37.4597038,171,0.681438396,2,blue
1288,6,28.9121549,170,0.907846163,2,blue
1288,7,37.00752963,169,0.646231086,2,blue
1288,8,22.07885025,150,0.432769562,2,blue
1288,9,43.24459756,178,0.755929417,2,blue
1288,10,42.17235427,178,0.841777479,2,blue
1288,11,42.90341242,173,0.948784687,2,blue
1288,12,54.04553544,176,0.742441685,2,blue
1289,1,164.2967713,171,0.493628955,3,blue
1289,2,178.7997796,180,0.856112545,2,blue
1289,3,248.7871983,169,0.405512579,2,blue
1289,4,180.4338272,172,0.427704493,3,blue
1290,1,157.2964944,193,0.601566902,3,blue
1290,2,100.5792064,193,0.63683678,3,blue
1290,3,134.9638521,193,0.463338067,3,blue
1290,4,140.8957481,185,0.645791469,3,blue
1290,5,144.3313864,197,0.614633442,3,blue
1290,6,85.1059452,192,0.895191516,2,blue
1290,7,149.7016848,200,0.657765753,2,blue
1290,8,116.8292091,192,0.679974707,2,blue
1290,9,35.03651932,161,0.875764854,2,blue
1290,10,90.17170436,197,0.650862402,2,blue
1290,11,118.3295827,196,0.793865977,2,blue
1290,12,166.3781768,208,0.485073113,3,blue
1291,1,108.6330727,172,0.55322833,2,blue
1291,3,87.78867834,180,0.698080276,1,blue
1291,4,57.26867943,175,0.605905638,1,blue
1291,5,58.49126397,177,0.402637675,1,blue
1291,6,81.17923925,169,0.744792464,1,blue
1291,7,88.23382994,170,0.685751907,2,blue
1291,9,92.21187601,180,0.684776864,2,blue
1291,10,98.45411652,173,0.610392705,1,blue
1291,11,76.62137199,168,0.649132407,2,blue
1291,12,83.53543825,176,0.890893327,1,blue
1291,13,73.46673925,163,0.860329664,1,blue
1292,1,77.90180478,185,0.739253664,2,blue
1292,2,66.61753989,187,0.801604443,2,blue
1292,3,66.74765744,175,0.179386418,2,blue
1292,4,100.3428198,189,0.274129701,3,blue
1292,5,83.83073323,190,0.601366622,2,blue
1292,6,64.03756693,181,0.570237658,2,blue
1292,7,11.02228629,171,0.35978347,2,blue
1292,8,67.3973786,181,0.711013994,2,blue
1292,9,80.40956796,181,0.493402255,2,blue
1292,10,47.90561443,175,0.522679968,2,blue
1292,11,81.33975182,177,0.300898833,2,blue
1292,12,73.45217858,195,0.46747741,2,blue
1292,13,81.05052148,176,0.607993368,1,blue
1292,14,99.01231483,182,0.301947231,2,blue
1293,1,89.58203685,194,0.73667599,2,blue
1293,2,92.51386607,171,0.479121758,2,blue
1293,3,46.82827116,180,0.977622195,1,blue
1293,5,36.5898731,177,0.702992079,2,blue
1293,6,63.94186985,185,0.311228471,2,blue
1293,7,84.71784537,180,0.68491065,2,blue
1293,8,66.98515059,181,0.642035073,2,blue
1293,9,59.81854208,188,0.535311808,2,blue
1293,10,65.63547728,193,0.338509207,2,blue
1293,11,81.72312161,197,0.640738216,2,blue
1293,12,71.9392757,208,0.487742181,2,blue
1293,13,62.78594481,189,0.690817344,3,blue
1293,14,73.82292374,187,0.473524615,2,blue
1294,1,272.939367,222,0.248142323,4,blue
1294,2,249.4399218,235,0.508491273,3,blue
1294,3,293.9950939,233,0.619726383,3,blue
1294,4,222.1003502,230,0.701551422,2,blue
1294,5,256.0369184,211,0.716821662,3,blue
1294,6,307.4539286,223,0.53414196,2,blue
1294,7,171.672497,223,0.619224811,3,blue
1294,8,171.8890618,230,0.698364812,2,blue
1294,9,193.8360629,222,0.587972389,3,blue
1294,10,158.3365247,236,0.550750237,3,blue
1294,11,204.8736595,230,0.503247462,3,blue
1294,12,199.2792424,228,0.332732517,3,blue
1294,13,200.6820099,241,0.485763746,3,blue
1294,14,253.1752216,240,0.546004386,3,blue
1296,1,107.7627134,215,0.471807681,1,blue
1296,2,114.4743175,210,0.494402433,1,blue
1296,3,63.29538983,205,0.899415809,1,blue
1296,5,61.25220652,206,0.380007609,1,blue
1296,6,102.9469377,224,0.465114462,1,blue
1296,7,103.44517,212,0.468843102,1,blue
1296,8,89.48410526,211,0.627208441,1,blue
1296,9,97.3006281,219,0.607587878,1,blue
1296,10,87.08868418,208,0.53967025,1,blue
1296,11,88.52425546,202,0.486771411,1,blue
1296,12,62.22019661,187,0.653951004,1,blue
1297,1,239.5848939,256,0.273087764,3,blue
1297,2,160.683129,245,0.227320087,3,blue
1297,5,84.59993777,248,0.67390522,2,blue
1297,6,87.64074697,209,0.973451259,1,blue
1297,8,150.2282968,237,0.560061864,2,blue
1297,10,104.2130756,190,0.693180806,2,blue
1297,11,150.4137908,238,0.633071375,2,blue
1298,1,67.66033739,206,0.320147728,3,blue
1298,2,49.21864578,215,0.28756779,3,blue
1298,3,79.49435548,237,0.541335209,3,blue
1298,4,185.3670189,237,0.635894175,2,blue
1298,5,36.18421624,226,0.698622201,1,blue
1299,1,139.0312326,198,0.151666268,2,blue
1299,2,90.32485211,206,0.533646028,3,blue
1299,3,160.5944024,221,0.455073134,2,blue
1299,5,137.410656,198,0.777190432,1,blue
1299,6,56.50294459,209,0.625281846,2,blue
1299,7,65.37521211,197,0.701530952,2,blue
1299,8,98.04247431,198,0.552317692,2,blue
1299,10,102.8211196,219,0.697235578,1,blue
1299,11,87.73728849,222,0.638621445,1,blue
1299,12,135.2737814,211,0.593027761,2,blue
1299,13,121.8789352,211,0.549687891,2,blue
1299,14,70.68516804,193,0.64526505,2,blue
1299,15,8.408306567,124,0.32562125,3,blue
1300,1,240.3434158,270,0.543949121,3,blue
1300,3,213.5464454,176,1.050680998,2,blue
1300,4,268.4628309,268,0.707621378,1,blue
1300,5,169.1766024,268,0.945327973,1,blue
1300,9,84.19219985,190,0.820533406,1,blue
1300,10,257.2760714,263,0.464032505,2,blue
1300,11,118.3959821,268,0.844453108,1,blue
1300,12,236.2313745,264,0.503746883,3,blue
1301,1,92.65470713,238,0.533018996,2,blue
1301,2,79.77905692,214,0.276610833,2,blue
1301,3,91.56358301,229,0.318212384,2,blue
1301,4,64.85458476,221,0.257263897,2,blue
1301,5,110.682599,237,0.060636823,2,blue
1301,6,63.06437364,254,0.586278663,2,blue
1301,7,86.35283233,219,0.563302914,2,blue
1301,8,81.33301985,230,0.050647049,2,blue
1301,9,78.63744257,227,0.344300123,2,blue
1301,10,86.53501348,227,0.259099443,2,blue
1301,11,77.25985833,208,0.505712613,2,blue
1301,12,89.63480943,219,0.586394021,2,blue
1302,1,229.0913548,195,0.760887754,2,blue
1302,2,162.1592239,213,0.429319489,3,blue
1302,3,179.2412303,206,0.502240961,2,blue
1302,5,159.3285002,202,0.510181695,2,blue
1302,6,201.2666273,202,0.658937106,2,blue
1302,7,113.0488391,202,0.594147059,2,blue
1302,8,121.9002048,193,0.761759311,1,blue
1302,9,62.10294006,187,0.81046808,1,blue
1302,10,199.2898627,209,0.661225881,1,blue
1302,11,142.9811936,197,0.534174219,2,blue
1303,1,117.2261077,210,0.715208366,2,blue
1303,2,94.35706033,208,0.929520841,2,blue
1303,3,97.14234768,207,0.709225819,2,blue
1303,4,85.74009264,212,0.79176801,2,blue
1303,5,113.6463133,209,0.734994229,2,blue
1303,6,58.47765578,187,0.839768684,2,blue
1303,7,105.7847397,213,0.851014748,2,blue
1303,8,71.84816453,210,0.846426609,2,blue
1303,9,70.55100219,183,0.976690419,2,blue
1303,10,91.39078501,199,0.851271988,2,blue
1304,1,214.3029847,225,0.456438344,2,blue
1304,3,202.7104131,227,0.470433396,2,blue
1304,4,99.37459963,223,0.768845666,2,blue
1304,5,112.9167462,206,0.421280041,2,blue
1304,6,30.47813716,210,0.840815159,2,blue
1304,7,21.88991462,202,0.856727179,1,blue
1304,8,211.1307175,233,0.651731821,2,blue
1304,9,44.81804671,194,1.009565722,1,blue
1304,10,47.45292124,192,0.869753311,1,blue
1304,11,124.4928429,212,0.798444871,2,blue
1304,12,133.1122534,222,0.506152192,2,blue
1304,13,24.95038518,191,1.091381748,1,blue
1305,1,88.24940504,194,0.556891364,3,blue
1305,2,90.01069397,195,0.626979271,2,blue
1305,3,62.84799119,189,1.127824536,1,blue
1305,4,59.25074759,192,0.726750348,1,blue
1305,5,98.67182703,198,0.819452608,2,blue
1305,6,74.67873844,193,0.509587441,2,blue
1305,7,64.9467706,182,0.749411344,2,blue
1305,8,67.17761703,184,0.475084889,2,blue
1305,9,99.06642738,187,0.54687233,2,blue
1305,10,39.49174583,177,0.958614526,1,blue
1305,11,28.70622953,180,0.937093692,1,blue
1305,12,173.0502521,197,0.545528064,2,blue
1305,13,144.3342677,199,0.745348305,2,blue
1307,1,183.2833396,212,0.667856251,2,blue
1307,2,83.18298632,207,0.707757584,2,blue
1307,3,77.94063756,199,1.053439364,2,blue
1307,4,87.13824557,183,0.641874954,2,blue
1307,5,49.13748406,181,0.796578513,2,blue
1307,6,74.09485015,198,0.657931947,2,blue
1307,7,114.164115,204,0.563172328,2,blue
1307,8,81.03708755,199,0.693521825,2,blue
1307,9,84.46035689,175,0.649142003,2,blue
1307,10,81.3781231,182,0.9047322,2,blue
1307,11,70.40963698,165,0.951574078,1,blue
1307,12,96.8033401,200,0.826185357,2,blue
1308,1,218.5208427,219,0.583624258,2,blue
1308,2,30.02909598,190,0.88328541,1,blue
1308,3,153.1059098,218,0.689733066,2,blue
1308,4,34.40914356,165,1.14194637,1,blue
1308,5,39.71197698,221,0.959169594,2,blue
1308,6,92.17425082,210,0.633231379,2,blue
1308,7,95.49923424,221,0.441550178,2,blue
1308,8,19.35336217,185,1.044584646,1,blue
1308,9,96.42375824,231,0.970470362,1,blue
1308,10,154.0624473,231,0.515215048,2,blue
1308,11,101.1186774,247,0.635457414,2,blue
1308,12,15.57031028,205,0.832008352,2,blue
1308,13,111.5320577,243,0.556549331,2,blue
1308,14,38.71948455,179,0.800535213,2,blue
1308,15,92.40237845,227,0.572387412,2,blue
1308,16,151.2366083,240,0.531660525,2,blue
1308,17,72.53456953,221,0.630220402,2,blue
1308,18,175.2099452,231,0.459893238,3,blue
1309,1,130.6656669,211,0.548020902,3,blue
1309,2,82.99466054,192,0.873789969,2,blue
1309,3,104.3943701,184,0.734487211,3,blue
1309,4,83.65963825,179,0.428253763,2,blue
1309,5,30.92117876,197,0.84285943,1,blue
1309,6,84.42043652,198,0.493610501,3,blue
1309,7,50.51806689,186,0.775821581,2,blue
1309,8,98.87979227,182,0.628005605,2,blue
1310,1,316.919018,192,0.865112264,2,blue
1310,2,348.2836792,206,0.634018804,2,blue
1310,3,200.5963555,202,0.85273801,1,blue
1310,4,90.68261889,216,0.888115161,2,blue
1310,5,298.6639537,205,0.644648785,2,blue
1310,9,324.227939,215,0.793414853,2,blue
1310,10,274.1827743,210,0.697216366,2,blue
1310,11,276.2258873,204,0.796160771,2,blue
1310,12,212.5838169,202,0.998403817,2,blue
1310,13,222.4973577,194,0.975816159,2,blue
1311,1,130.1889438,221,0.167009574,2,blue
1311,2,146.3876449,221,0.082050197,3,blue
1311,3,157.5241362,223,0.523739484,3,blue
1311,4,59.65649097,182,0.318603632,3,blue
1311,5,115.7579983,207,0.465213848,3,blue
1311,6,115.1686655,216,0.14178684,2,blue
1311,7,91.3786465,216,0.801877439,1,blue
1311,8,97.87953789,203,0.227784908,2,blue
1311,9,93.69926856,197,0.630852498,2,blue
1311,10,90.94949365,209,0.167948939,2,blue
1311,11,129.0140497,209,0.647646499,2,blue
1312,1,172.2623769,244,0.535860015,2,blue
1312,2,129.3177753,255,0.684215028,2,blue
1312,3,110.193798,249,0.57314369,2,blue
1312,4,113.9189615,252,0.729371852,1,blue
1312,5,77.11190564,254,0.624358774,2,blue
1312,6,165.9926558,262,0.799981273,1,blue
1312,8,98.93313107,247,0.731030518,2,blue
1312,9,27.92423648,254,0.733383269,1,blue
1312,10,69.43024161,260,0.376895036,1,blue
1312,11,94.32292316,260,0.388294357,2,blue
1312,12,55.51633455,258,0.860921855,1,blue
1312,13,125.5060497,261,0.516250828,2,blue
1312,14,103.1108919,261,0.42090162,2,blue
1312,15,64.54164394,241,0.729620803,2,blue
1313,3,38.62067395,226,0.68845927,1,blue
1313,4,39.1536388,203,0.679865377,1,blue
1313,5,39.34127848,216,0.862598011,2,blue
1313,6,59.59799345,224,0.959237975,1,blue
1313,7,40.79060754,235,0.694982696,2,blue
1313,8,64.43731259,214,0.773224175,1,blue
1313,9,82.81606976,246,0.616190906,2,blue
1314,1,208.6233159,275,0.149893726,3,blue
1314,2,117.7386262,260,-0.265306777,2,blue
1314,3,116.9399271,283,0.578661419,2,blue
1314,4,97.69503183,248,0.60076156,3,blue
1314,5,152.8003246,248,0.743680645,2,blue
1314,6,73.25277947,266,0.342251663,2,blue
1314,7,179.9389427,310,-0.070342081,2,blue
1314,9,132.4555076,274,-0.129193087,2,blue
1315,1,241.317417,208,0.633206209,3,blue
1315,2,136.6408039,193,0.776599969,2,blue
1315,3,98.78240497,205,0.838468888,2,blue
1315,4,79.44423783,187,0.67646099,2,blue
1315,5,43.7686935,92,0.769822947,1,blue
1315,6,122.2494235,202,0.677700025,2,blue
1315,7,70.20183163,191,0.715464997,1,blue
1315,8,171.7567465,196,0.683349238,2,blue
1316,1,116.4065516,185,0.373282475,3,blue
1316,2,88.40772456,187,0.82207479,2,blue
1316,3,89.91418276,179,0.127844692,2,blue
1316,4,57.94138366,203,0.699103661,2,blue
1316,5,68.33117428,209,0.61838319,2,blue
1316,6,63.71006249,178,0.861039694,3,blue
1316,8,35.05474362,178,0.497023026,1,blue
1316,9,101.5722525,186,0.655066207,2,blue
1316,10,59.20616711,171,0.512539975,2,blue
1316,11,87.7868622,187,0.728123455,2,blue
1316,12,103.7824987,187,0.625258796,2,blue
1316,13,50.16480267,166,0.018821565,2,blue
1317,1,64.88425134,180,0.619094867,1,blue
1317,2,87.24184479,182,0.874631063,1,blue
1317,3,30.41939078,169,0.856219367,1,blue
1317,4,61.43460023,169,0.575999719,2,blue
1317,6,100.6922681,172,0.569996161,2,blue
1318,1,77.58349983,146,0.92703248,2,blue
1318,2,91.60775539,46,0.738241295,2,blue
1318,3,113.8778194,152,1.034064034,2,blue
1318,4,100.6050187,152,0.596854493,3,blue
1319,1,133.3837722,183,0.673757153,2,blue
1319,2,16.69074244,167,0.86231027,1,blue
1319,3,197.6339094,157,0.423793373,2,blue
1319,4,142.6504426,183,0.585326,2,blue
1321,1,87.71499058,171,0.572892801,2,blue
1321,2,84.62787968,179,0.566334827,3,blue
1321,3,39.85285235,160,0.378288914,2,blue
1321,4,92.64910551,175,0.349428149,2,blue
1321,5,87.66668199,181,0.592723157,2,blue
1321,6,65.33412338,178,0.766209961,2,blue
1321,8,87.04254652,184,0.629604201,2,blue
1321,9,83.43512332,197,0.755432455,2,blue
1321,10,86.55445589,196,0.702375716,2,blue
1322,1,95.09108809,180,0.627302325,2,blue
1322,2,67.49165977,183,0.462012092,2,blue
1322,3,77.13093273,183,0.425769637,2,blue
1322,4,87.89773911,190,0.413671565,2,blue
1322,5,83.86218263,188,0.446122022,2,blue
1322,6,92.54867821,188,0.393231892,2,blue
1322,7,60.33568264,203,0.381236451,2,blue
1322,8,96.68915021,195,0.502055718,2,blue
1322,9,83.1749644,185,0.451267539,2,blue
1322,10,85.99432117,176,0.394740666,2,blue
1323,1,208.4198535,269,0.530487605,3,blue
1323,2,189.4228621,255,0.190972815,3,blue
1323,3,287.9223688,244,0.49966016,2,blue
1323,5,121.9599111,235,0.330602224,2,blue
1323,6,194.6647406,247,0.335138061,2,blue
1323,7,230.9398483,261,0.538763211,3,blue
1324,1,79.79016553,251,0.800315511,1,blue
1324,2,94.62825111,250,0.838462568,1,blue
1324,3,64.75917541,242,0.964474681,1,blue
1324,4,49.46570919,243,0.859427296,1,blue
1324,5,44.02222179,243,1.135027848,1,blue
1324,6,20.51784839,236,1.133366987,1,blue
1324,7,33.69503782,223,1.086949318,1,blue
1324,8,38.81910129,223,0.688973513,1,blue
1324,9,58.56268237,249,0.834744215,2,blue
1324,10,28.82208315,227,0.854691352,1,blue
1325,1,240.1605925,294,0.629864065,2,blue
1325,3,152.0687826,243,0.553356691,1,blue
1325,4,178.7087631,258,0.673334489,2,blue
1325,5,61.59102485,255,0.785669803,1,blue
1325,6,129.3099141,260,0.934578293,1,blue
1325,7,98.99762108,248,0.886564175,1,blue
1325,8,161.758831,262,0.83108328,1,blue
1325,9,160.3535141,235,0.488767747,2,blue
1325,10,147.0140026,286,0.590477955,1,blue
1325,11,311.6193307,288,0.722987365,1,blue
1326,1,104.8297001,218,0.637695332,2,blue
1326,2,125.490278,224,0.362053516,2,blue
1326,3,138.3629687,237,0.405377724,2,blue
1326,4,111.1863466,228,0.32066749,2,blue
1326,5,97.30339998,232,0.36500381,3,blue
1326,6,137.8374144,245,0.373028869,2,blue
1326,7,165.6441933,236,0.38519132,2,blue
1326,8,205.6419352,268,0.677020399,2,blue
1326,9,145.200257,249,0.324644022,2,blue
1327,1,361.1770787,280,0.376819523,2,blue
1327,2,211.3240384,280,0.619557527,1,blue
1327,3,248.3491084,278,0.788172228,2,blue
1327,4,342.4034906,347,0.120424416,2,blue
1327,5,440.094232,291,0.418490346,2,blue
1327,6,379.7262329,320,0.698178835,2,blue
1328,1,159.816154,203,0.576786181,2,blue
1328,2,58.60933987,188,0.618277983,2,blue
1328,3,81.94156319,205,0.726350114,2,blue
1328,4,64.50255268,188,0.639014387,2,blue
1328,5,59.07834689,188,0.464394986,2,blue
1328,6,13.85976646,173,1.122372868,1,blue
1328,7,60.89437701,182,0.382271422,2,blue
1328,8,52.99347841,191,0.442827674,2,blue
1328,9,76.72698298,201,0.888251535,1,blue
1328,10,41.5750364,171,0.69195308,2,blue
1328,11,83.8588161,192,0.833191868,2,blue
1328,12,72.28265652,192,0.864970145,1,blue
1328,13,87.54677869,187,0.618715071,2,blue
1329,1,204.3921164,219,0.831523592,2,blue
1329,2,112.5769162,241,0.524873098,1,blue
1329,3,109.3348354,222,0.595373304,1,blue
1329,4,125.928599,241,0.987256647,1,blue
1329,5,155.1848445,250,0.993849938,2,blue
1329,6,130.236,250,0.924340309,1,blue
1329,7,122.4591069,252,0.961955709,1,blue
1329,8,119.0912436,251,1.042504799,1,blue
1329,9,200.5921234,223,0.915038726,2,blue
1329,10,155.4718387,237,0.697956646,1,blue
1329,11,187.4066303,236,0.809062459,1,blue
1329,12,57.71649708,216,1.06956244,1,blue
1329,13,167.4591447,237,0.702752038,2,blue
1330,1,46.89810191,163,0.90622781,1,blue
1330,2,219.3656977,228,0.779975707,1,blue
1330,3,191.9278474,222,0.755019583,1,blue
1330,4,181.4731839,232,0.697021218,1,blue
1330,5,126.9271678,234,0.779647117,1,blue
1330,7,141.6507093,214,0.81971384,1,blue
1330,8,185.038824,214,0.838084963,1,blue
1330,9,74.61528496,227,0.850268334,1,blue
1330,10,70.92041598,220,0.839914062,1,blue
1330,11,81.23396756,215,0.815207847,2,blue
1330,12,123.9190716,232,0.672777018,2,blue
1330,13,225.3279286,216,0.83081701,1,blue
1331,1,173.1005854,259,0.877496875,2,blue
1331,2,153.1949523,245,0.634856744,1,blue
1331,3,182.7819955,258,0.938780749,1,blue
1331,4,164.4774283,259,0.851841693,1,blue
1331,5,90.34626672,229,1.02277104,1,blue
1331,6,154.8623083,248,0.960255395,1,blue
1331,7,115.6575005,243,0.84400992,1,blue
1331,8,84.35838948,238,0.825039164,1,blue
1331,10,155.7636011,249,0.861248135,1,blue
1331,11,195.9426915,252,0.907752007,1,blue
1331,12,84.47840686,237,0.865227098,1,blue
1331,13,72.94742742,234,0.947606078,1,blue
1331,14,164.8031802,246,0.665438614,1,blue
1331,15,154.5007968,260,0.875014135,1,blue
1331,16,147.1429504,252,0.803465393,2,blue
1332,1,33.09404379,275,0.940861764,1,blue
1332,2,103.4549979,195,1.05733935,2,blue
1332,3,141.6725051,208,0.889441397,1,blue
1332,5,136.6674065,218,0.678635719,2,blue
1332,6,111.145136,194,0.862996357,2,blue
1332,7,99.17446643,208,0.916013026,1,blue
1332,8,64.18618515,211,0.857179805,1,blue
1332,9,148.0136071,219,0.844502297,2,blue
1333,1,73.10119424,170,0.693723973,2,blue
1333,2,80.20886497,202,0.855685412,3,blue
1333,3,79.03682917,203,0.994622715,2,blue
1333,4,42.34904318,198,0.313551709,2,blue
1333,5,57.39837624,193,0.605704741,3,blue
1333,6,125.3832847,206,0.902589985,2,blue
1333,7,124.603722,219,0.584606618,3,blue
1334,1,140.6995565,242,0.30649808,2,blue
1334,2,95.87166104,253,0.433436315,2,blue
1334,3,122.3826233,242,0.278179945,2,blue
1334,4,112.2168306,247,0.354062101,2,blue
1334,5,134.0174139,248,0.457170795,2,blue
1334,6,100.8039619,244,0.571407533,2,blue
1334,8,99.17104342,247,0.271738639,2,blue
1334,9,75.28391126,247,0.745261359,2,blue
1334,10,176.0230109,255,0.285950012,2,blue
1334,11,97.21888896,252,0.645642349,2,blue
1335,1,128.559056,188,0.682720663,2,blue
1335,2,59.5355107,182,0.721785069,2,blue
1335,3,128.2618078,189,0.4566052,2,blue
1335,4,89.42259793,185,0.631704425,2,blue
1335,5,96.16086295,191,0.634717805,2,blue
1335,7,103.8086776,184,0.256225162,2,blue
1335,8,79.79681659,187,0.702731478,2,blue
1335,9,56.84868383,205,0.518257502,2,blue
1335,10,69.40701864,203,0.688968966,2,blue
1335,11,41.06928671,183,0.263101501,2,blue
1335,12,75.25930936,193,0.731061117,1,blue
1335,13,84.48167163,190,0.64327922,2,blue
1335,14,89.05963689,191,0.546696801,3,blue
1336,1,182.2775272,187,0.88032988,1,blue
1336,2,125.4925258,193,0.934746539,1,blue
1336,3,128.7376827,183,0.902695055,1,blue
1336,6,138.8372327,199,1.062719624,1,blue
1336,7,161.2381373,176,0.907746726,1,blue
1336,8,164.9137316,182,0.892420286,1,blue
1336,9,190.8666062,192,0.864648782,1,blue
1336,10,256.8559419,193,0.742647913,1,blue
1336,11,214.5003315,177,0.775751947,1,blue
1336,12,235.5262351,183,0.800763396,1,blue
1337,1,76.47485668,170,0.628406761,3,blue
1337,2,16.8258071,187,0.898360316,1,blue
1337,3,73.67540004,191,0.237749873,3,blue
1337,5,124.7693815,230,0.403903112,3,blue
1337,6,150.747618,230,0.617642899,2,blue
1337,7,72.55370119,230,0.604670374,2,blue
1337,8,82.34937354,207,0.543851313,2,blue
1337,9,51.83743768,220,0.646388373,2,blue
1337,10,56.71341554,193,0.781793061,2,blue
1337,11,45.36339696,220,0.671084616,2,blue
1338,1,117.0184454,203,0.281236244,3,blue
1338,2,106.9609313,211,0.223206489,2,blue
1338,3,40.70593634,203,0.798896525,2,blue
1338,4,79.03476424,203,0.37972448,2,blue
1338,5,91.14131033,190,0.764844956,1,blue
1338,6,86.93280605,198,0.33726342,2,blue
1338,7,85.74945125,221,0.311828213,2,blue
1338,8,85.00742371,214,0.478383386,2,blue
1338,9,95.21002552,212,0.531552706,2,blue
1338,10,51.26009713,174,0.591659282,2,blue
1338,11,77.02687773,192,0.478438643,2,blue
1338,12,77.28505389,197,1.068663867,2,blue
1338,13,51.28005671,179,0.706779689,3,blue
1338,14,39.70019369,175,0.592082418,2,blue
1339,1,183.174792,265,0.29144783,2,blue
1339,2,103.5705065,274,0.562375504,1,blue
1340,1,81.97616484,221,1.022063683,2,blue
1340,2,81.80420068,204,0.8545362,2,blue
1340,3,51.73705673,215,0.836369022,2,blue
1340,4,84.10556612,224,0.743631905,2,blue
1340,5,63.22597393,222,0.688086733,2,blue
1340,6,58.86316837,209,0.668966239,2,blue
1340,7,65.7396082,222,0.751618814,2,blue
1340,8,72.94850496,224,0.638477252,2,blue
1340,9,101.0195708,219,0.692668767,3,blue
1340,10,107.1906437,238,0.62990389,2,blue
1340,11,78.90936503,227,0.634385242,2,blue
1341,1,129.8485534,220,0.893041954,3,blue
1341,2,97.98803218,220,0.625040667,2,blue
1341,3,124.5532481,226,0.595679114,3,blue
1341,4,120.3594781,226,0.775458149,2,blue
1341,5,104.444242,223,0.667779995,2,blue
1341,6,86.41508603,207,0.760879127,2,blue
1341,7,201.7958326,226,0.583629225,2,blue
1341,8,139.4149592,229,0.649797299,3,blue
1341,9,191.8957028,238,0.774926217,2,blue
1341,10,146.8844169,230,0.518610794,3,blue
1341,11,144.0940886,247,0.862642973,2,blue
1342,1,164.6767096,244,0.672796938,3,blue
1342,2,53.5153556,242,0.497965078,2,blue
1342,3,82.21473027,245,0.475988358,2,blue
1342,4,63.28320196,252,0.796309372,1,blue
1342,5,111.1484872,255,0.696190563,2,blue
1342,6,71.54986547,262,0.589125527,2,blue
1342,7,16.23338836,247,1.601279073,1,blue
1342,8,116.6317129,261,0.52744823,2,blue
1343,1,87.01832591,212,0.48490646,2,blue
1343,2,95.81029776,230,0.49092819,2,blue
1343,3,67.96952028,213,0.682487338,2,blue
1343,4,70.40069126,221,0.755304829,1,blue
1343,5,78.08396169,215,0.548138829,2,blue
1343,6,80.83869603,226,0.412063118,2,blue
1343,7,53.19691644,233,0.43693811,2,blue
1343,8,86.46640836,228,0.488184322,2,blue
1343,9,50.10634147,234,0.491745149,2,blue
1343,10,99.24545845,237,0.488719906,2,blue
1343,11,39.84279328,226,0.411835729,2,blue
1343,12,45.02447451,238,0.710350521,2,blue
1343,13,20.47018118,229,0.58516195,2,blue
1343,14,70.83177528,237,0.629321193,2,blue
1343,15,69.5344425,234,0.406226868,2,blue
1344,1,230.4270585,199,0.999415998,2,blue
1344,2,191.0798786,218,0.937548124,2,blue
1344,3,279.683633,201,0.724518428,2,blue
1344,4,204.7915462,202,0.901452432,2,blue
1344,5,193.3611067,182,0.709403355,2,blue
1344,6,236.3231521,214,0.733192061,2,blue
1344,7,203.3033094,224,0.800836076,1,blue
1344,8,252.4026902,219,0.865523654,2,blue
1345,1,100.3655787,204,0.391176171,2,blue
1345,2,47.92538438,194,0.238172223,2,blue
1345,3,66.65147221,193,0.135918266,2,blue
1345,5,38.90483227,205,0.043926855,2,blue
1345,6,70.82046998,204,0.167040388,2,blue
1345,7,94.64233416,218,0.189738588,2,blue
1345,8,85.56835686,218,0.213392796,2,blue
1345,9,68.69366755,212,0.469518675,1,blue
1345,10,31.53661191,203,0.228791226,1,blue
1345,11,36.87471982,213,0.063980946,2,blue
1346,1,101.5777213,231,0.712434734,2,blue
1346,2,127.2821217,210,0.837930801,1,blue
1346,3,154.1427602,239,0.708678375,1,blue
1346,4,78.47600705,247,0.457622889,2,blue
1346,5,81.37220146,246,0.867348922,1,blue
1346,6,87.03011651,246,1.076979386,1,blue
1346,7,118.4012534,256,1.051961814,1,blue
1346,8,119.0199449,242,0.782000143,2,blue
1346,9,80.15500801,249,0.865358197,1,blue
1346,10,141.5971359,244,0.738701015,1,blue
1346,12,165.7726123,241,0.735866343,2,blue
1346,13,113.59938,263,1.200817328,1,blue
1347,1,124.6261259,227,0.475961713,1,blue
1347,2,104.2082341,216,0.675183686,1,blue
1347,3,111.0771053,213,0.536446008,1,blue
1347,4,110.2905595,214,0.449565942,1,blue
1347,5,123.3304021,223,0.975027994,1,blue
1347,6,77.80056437,227,0.934605665,1,blue
1347,7,57.9847476,217,0.547264956,1,blue
1347,8,104.2493803,230,0.672289394,1,blue
1347,9,110.9938522,231,0.481668029,1,blue
1347,10,85.75406928,220,0.43959212,1,blue
1348,1,258.0047442,203,0.701598591,3,blue
1348,3,112.9086499,206,0.652899939,2,blue
1348,4,181.9898054,206,0.65193375,2,blue
1348,6,153.6168573,218,0.577912514,2,blue
1348,7,264.7920071,221,0.539245454,2,blue
1348,9,95.59492137,219,0.541826605,2,blue
1348,10,232.9861918,220,0.603311912,3,blue
1348,11,206.7514348,179,0.501920262,2,blue
1349,1,42.75688296,179,0.482397567,3,blue
1349,2,31.04622678,168,0.773230711,2,blue
1349,3,30.84243549,171,0.458191933,3,blue
1349,4,32.53722096,198,0.566385179,2,blue
1349,5,40.2363927,185,0.836466463,3,blue
1349,6,33.52801993,176,0.684210702,2,blue
1349,7,25.67953801,182,0.276945723,2,blue
1349,8,27.91259416,189,0.481817624,2,blue
1349,9,33.58068955,193,0.916190468,2,blue
1349,10,35.53215668,178,0.687755952,2,blue
1349,11,41.91423945,200,0.358268864,3,blue
1350,1,320.735172,325,0.340764592,3,blue
1350,2,135.6069379,325,0.649059786,2,blue
1350,3,223.9639316,325,0.562169733,2,blue
1350,4,153.6485141,260,0.805237294,2,blue
1350,5,192.263099,315,0.518349916,2,blue
1350,6,143.8375202,320,0.657817265,2,blue
1350,7,114.0060891,325,0.484431373,3,blue
1351,1,115.0907158,217,0.612917955,2,blue
1351,2,115.3128343,231,0.631100946,2,blue
1351,3,119.5817421,237,0.60231512,2,blue
1351,4,141.1574848,258,0.453169857,2,blue
1351,5,107.1703812,223,0.648387287,2,blue
1351,6,171.783743,239,0.53460465,2,blue
1351,7,73.8130223,241,0.32437108,2,blue
1351,8,137.5039736,234,0.413282672,2,blue
1351,9,225.7117694,265,0.420063926,2,blue
1351,10,106.6688171,254,0.845419453,1,blue
1351,11,110.2981451,213,0.63063255,2,blue
1352,3,174.1817558,250,0.660135034,2,blue
1352,4,148.958559,230,0.552848589,2,blue
1352,5,222.0133674,230,0.849466491,2,blue
1352,6,217.1194537,241,0.661670062,2,blue
1352,7,205.1936637,258,0.591930613,2,blue
1352,8,140.3639104,230,0.655600504,2,blue
1352,9,147.3159488,248,0.502625032,2,blue
1352,10,52.86987901,157,0.424073792,2,blue
1352,11,57.01895092,165,0.678521799,2,blue
1352,12,184.1327441,249,0.835501034,2,blue
1352,13,325.2539779,265,0.671806884,2,blue
1353,1,229.9403042,254,0.892522444,2,blue
1353,2,236.2832061,288,0.956682143,1,blue
1353,3,136.2020419,260,0.940452613,1,blue
1353,4,81.25221563,248,0.911383399,1,blue
1353,5,72.86150894,258,0.973557472,1,blue
1353,6,119.1662805,262,0.775986706,1,blue
1353,7,133.573675,266,0.968602164,1,blue
1353,8,126.8867283,268,1.133155171,1,blue
1353,10,123.74895,267,1.038429206,1,blue
1353,11,283.6375708,282,0.781542659,2,blue
1353,12,184.5426319,279,0.781118224,1,blue
1353,15,229.4589489,289,0.910565841,1,blue
1353,16,174.6464458,270,0.900079802,2,blue
1354,1,273.5261672,281,0.694801975,2,blue
1354,2,246.840833,266,0.514287188,2,blue
1354,3,208.1187202,269,0.39429854,2,blue
1354,4,145.8513448,262,0.46041439,2,blue
1354,5,121.9716152,272,0.489666098,2,blue
1354,6,203.6700229,260,0.133173164,2,blue
1354,7,180.2900254,255,0.692019704,2,blue
1355,1,106.2458385,245,0.674160436,2,blue
1355,2,101.8063069,274,0.748725835,2,blue
1355,3,66.73414908,262,0.625565805,2,blue
1355,4,74.48865455,255,0.421973281,2,blue
1355,5,101.5135215,260,0.739126526,2,blue
1355,6,73.01554427,240,0.629730713,2,blue
1355,7,90.15991339,272,0.612181424,2,blue
1355,8,83.49374919,254,0.463336056,2,blue
1355,9,41.31824585,256,0.455271066,2,blue
1355,10,40.14156987,250,0.542912982,2,blue
1355,11,55.83056475,201,0.839355486,1,blue
1355,12,86.94447212,264,0.446858503,2,blue
1355,13,71.56386779,241,0.585790032,3,blue
1355,14,88.80357135,259,0.918815023,2,blue
1355,15,87.58812481,263,0.59173856,2,blue
1355,16,130.0579562,252,0.593014831,3,blue
1356,1,133.6766389,211,0.665751549,2,blue
1356,2,71.45159889,286,0.906020195,1,blue
1356,6,60.25893344,197,0.793490626,2,blue
1356,9,131.5550913,202,0.402322437,2,blue
1357,1,107.7938757,203,0.268114436,3,blue
1357,2,85.86126759,207,0.445655569,2,blue
1357,3,85.42910347,206,0.400674706,3,blue
1357,4,68.96809035,210,0.294468118,3,blue
1357,5,78.17597387,233,0.333694039,2,blue
1357,6,87.80827718,230,0.29674186,3,blue
1357,7,76.60770518,223,0.247676876,3,blue
1357,8,66.71054115,210,0.38149043,3,blue
1357,9,83.48254507,222,0.281945263,3,blue
1357,10,77.84858078,209,0.193528435,2,blue
1357,11,78.6345855,222,0.290925082,2,blue
1357,12,65.68734648,213,0.451286724,3,blue
1357,13,56.45897479,213,0.390114099,2,blue
1357,14,63.67356889,206,0.668813696,3,blue
1357,15,76.20927975,200,0.298532762,3,blue
1357,16,58.45783168,193,0.402393954,2,blue
1358,1,59.77764683,181,0.342954041,3,blue
1358,2,23.13541164,181,0.58612685,2,blue
1358,3,40.3448823,184,0.892024037,2,blue
1358,4,39.65052409,172,0.411600205,2,blue
1358,5,49.30694492,179,0.864561639,2,blue
1358,6,33.17654688,179,0.52550045,3,blue
1358,7,57.82183578,189,0.6647432,2,blue
1358,9,8.69548993,163,0.392402939,3,blue
1358,10,38.04916872,175,0.72265671,2,blue
1358,11,33.90598381,163,0.544137784,3,blue
1359,1,128.2547314,192,0.77319178,2,blue
1359,2,93.13955075,190,0.842174238,1,blue
1359,3,113.5467307,18,0.847516819,1,blue
1359,4,51.8180923,197,0.70681162,1,blue
1359,5,105.6502013,199,0.610010778,1,blue
1359,6,63.0457522,200,0.745101865,2,blue
1359,7,64.51883747,205,0.692144062,1,blue
1359,8,49.32026974,183,0.946555892,1,blue
1359,9,67.31340875,210,0.735303084,2,blue
1359,10,91.5949596,185,0.691414193,1,blue
1359,11,104.1099509,205,0.897230258,1,blue
1359,12,82.19559378,205,0.831046563,1,blue
1359,13,109.2397726,190,0.810050703,1,blue
1359,14,97.59610467,194,0.914509931,2,blue
1360,1,92.76367857,172,0.639330707,1,blue
1360,2,86.89243926,178,0.572052159,2,blue
1360,3,101.2156991,180,0.724847279,2,blue
1360,4,84.3126098,177,0.645782876,2,blue
1360,5,58.56540521,178,0.504729566,2,blue
1360,6,96.73363414,173,0.865355532,1,blue
1360,7,82.80388575,170,0.79814459,2,blue
1360,8,24.74312398,170,0.794467793,1,blue
1360,9,63.47109249,177,0.869681616,1,blue
1360,10,88.1083273,178,0.501704997,2,blue
1360,11,81.30315885,178,0.971288622,1,blue
1360,12,102.366093,176,0.292157538,2,blue
1361,4,78.3021316,238,0.172105164,2,blue
1362,1,239.4381087,213,0.383720312,3,blue
1362,2,242.517261,210,0.487115433,3,blue
1362,3,243.5310155,202,0.874737574,2,blue
1362,4,144.4033451,216,0.530232199,2,blue
1362,5,185.2418014,216,0.912318659,2,blue
1362,6,156.1615969,207,0.836230161,2,blue
1362,7,248.9240165,216,0.741326606,2,blue
1362,8,79.87614739,184,0.797845902,1,blue
1362,9,263.6548957,200,0.625689764,3,blue
1362,10,298.9344173,208,0.50738084,3,blue
1362,13,213.3835079,225,0.931263879,2,blue
1362,14,235.1568825,209,0.596475998,2,blue
1362,15,294.6891096,211,0.713519447,3,blue
1364,1,73.39969537,252,0.313246307,1,blue
1365,1,182.0407818,185,0.626979988,2,blue
1365,2,170.6869427,185,0.723684883,1,blue
1365,4,64.73951464,168,0.942102095,1,blue
1365,5,125.3420605,193,0.79152352,1,blue
1365,6,122.0522672,212,0.747601621,1,blue
1365,7,48.74021259,208,1.093411513,1,blue
1365,8,59.6281117,187,0.839408842,1,blue
1365,9,102.5309653,190,0.762558583,1,blue
1365,10,58.95574722,207,0.873522969,1,blue
1365,11,79.06588732,198,0.760502871,1,blue
1365,12,114.0837496,187,1.019840813,1,blue
1366,1,145.0856028,181,0.30083224,2,blue
1366,2,150.4842121,210,0.446672643,2,blue
1366,3,103.5062316,191,0.566545432,2,blue
1366,4,143.0280923,209,0.515443651,2,blue
1366,5,122.7752656,198,0.477031457,2,blue
1366,6,129.8230812,195,0.795533077,1,blue
1366,7,124.5954061,202,0.445029552,2,blue
1366,8,130.5531755,209,0.333650085,2,blue
1366,9,65.50617491,195,0.632764941,1,blue
1366,10,103.6254401,205,0.846091259,1,blue
1366,11,71.45273856,198,0.41732683,1,blue
1366,12,126.3196268,202,0.388027729,2,blue
1366,13,19.82650437,174,0.757514227,1,blue
1366,14,111.1241733,203,0.466887761,2,blue
1366,15,154.0134704,195,0.649723359,1,blue
1366,16,168.1193799,195,0.647486818,2,blue
1366,17,143.7778053,191,0.322650151,2,blue
1366,18,189.5122761,194,0.538890626,2,blue
1367,1,253.9651101,292,0.783056995,2,blue
1367,2,201.3048973,248,0.648130605,2,blue
1367,3,167.0368666,259,0.835767785,1,blue
1367,4,344.5376677,270,0.626091913,1,blue
1367,5,157.1638919,270,0.966861282,2,blue
1367,6,377.7660403,270,0.744465328,2,blue
1367,7,388.3693022,270,0.756285887,3,blue
1367,8,456.9719113,270,0.530427415,2,blue
1368,1,124.9581012,203,0.614562604,2,blue
1368,2,185.9565831,220,0.631017629,3,blue
1368,3,180.8330679,226,0.461963587,3,blue
1368,4,59.72748223,183,0.774899882,1,blue
1368,5,122.2362777,206,0.896677476,1,blue
1368,6,93.70977646,223,0.799288489,2,blue
1368,7,178.8343761,231,0.768066243,2,blue
1368,8,42.35722748,182,0.881581429,1,blue
1368,9,130.6396119,211,0.578867069,2,blue
1368,10,192.2016523,224,0.616889417,2,blue
1368,11,142.6861505,226,0.467207208,2,blue
1368,12,122.1943483,218,0.435584523,2,blue
1368,13,118.9023584,225,0.805587652,2,blue
1368,14,35.90131716,183,0.684420579,2,blue
1368,15,103.3112751,185,0.593208767,3,blue
1368,16,51.68810523,161,0.875108536,1,blue
1369,1,81.5323067,200,0.817277335,2,blue
1369,2,97.47496177,213,0.321542061,2,blue
1369,3,51.7479406,208,0.377979888,2,blue
1369,4,67.02981113,202,0.637723066,2,blue
1369,5,23.34868813,212,1.114102818,1,blue
1369,6,28.64360628,216,0.870449403,1,blue
1369,7,30.1102855,214,0.88255373,1,blue
1369,8,17.09813298,201,1.01222702,1,blue
1369,9,18.15677586,201,0.915240433,1,blue
1369,10,28.98089233,202,0.749448013,1,blue
1369,11,47.30055656,209,0.703562572,1,blue
1369,12,39.55769777,195,0.587217007,2,blue
1369,13,43.29817428,199,0.948988959,1,blue
1369,14,69.0226538,203,0.745994487,2,blue
1369,15,63.17037149,203,0.176712785,2,blue
1370,1,197.5355303,195,0.331214131,3,blue
1370,2,166.4877376,214,0.626904986,4,blue
1370,3,132.8536356,207,0.478928945,3,blue
1370,4,23.86958398,210,1.082506352,1,blue
1370,5,68.56558607,214,0.880287061,2,blue
1370,6,69.62400849,211,0.736331696,2,blue
1370,7,91.06878607,195,0.246153744,2,blue
1370,9,122.9882853,206,0.318523321,3,blue
1370,10,161.5388183,212,0.409305863,2,blue
1370,11,237.312901,211,0.392900806,2,blue
1370,12,146.2359847,209,0.650902243,2,blue
1370,13,205.5619501,233,0.335834888,3,blue
1371,1,77.3440735,208,0.542835763,3,blue
1371,2,28.29304532,194,0.963985524,2,blue
1371,3,42.62402756,198,0.867840708,2,blue
1371,4,31.92494842,196,0.884989139,2,blue
1371,5,81.01818434,199,0.855201904,2,blue
1371,6,60.78486111,190,0.86266176,2,blue
1371,7,16.42302871,142,1.006087793,1,blue
1371,8,65.10103744,197,0.670779973,2,blue
1372,1,60.40664776,197,0.464813366,2,blue
1372,2,113.1825177,215,0.46476107,2,blue
1372,3,86.16002004,224,0.604962638,3,blue
1372,4,88.98058132,207,0.484433196,2,blue
1372,5,15.85822982,191,0.492993079,2,blue
1372,6,79.71096778,204,0.437163948,3,blue
1372,7,100.5200688,218,0.180878259,3,blue
1372,8,83.1570124,208,0.620334684,3,blue
1372,9,31.08393157,222,0.505915238,2,blue
1372,10,87.28913231,215,0.593981361,3,blue
1372,11,51.09147851,217,0.709835641,3,blue
1372,12,17.25053602,215,0.828976507,2,blue
1372,13,71.98506951,213,0.717121513,3,blue
1373,1,103.2163306,197,0.751514428,1,blue
1373,2,63.74851957,200,0.863475477,1,blue
1373,3,81.33928321,206,0.71303631,1,blue
1373,4,88.00246176,206,0.60131591,1,blue
1373,5,91.6015525,210,0.753640466,1,blue
1373,6,65.30260746,206,0.898997244,1,blue
1373,7,87.12489637,201,0.715032602,1,blue
1373,8,71.56387778,205,0.859504252,1,blue
1373,9,91.18684201,197,0.635603581,2,blue
1373,10,65.88528341,207,0.740224509,1,blue
1373,11,113.215043,207,0.689732041,2,blue
1373,12,94.14970374,206,0.742605635,1,blue
1374,1,247.8866835,255,0.848922617,3,blue
1374,2,222.2837379,262,0.765920153,2,blue
1374,3,272.380484,197,0.719581774,2,blue
1374,4,252.2358581,216,0.47326804,2,blue
1374,5,137.794205,244,0.934563771,1,blue
1374,6,180.7295435,234,0.786850896,1,blue
1374,8,198.3240212,260,0.891291909,2,blue
1374,9,239.6142823,259,0.797092754,1,blue
1374,10,203.1811594,249,0.724658131,2,blue
1374,11,82.36215317,213,0.997519159,2,blue
1375,1,149.0617018,162,0.57468238,2,blue
1375,2,107.6432397,162,0.708721918,1,blue
1375,3,173.0732805,180,0.526255235,3,blue
1375,4,168.0030444,184,0.528920932,3,blue
1376,1,255.8255582,214,0.733259853,2,blue
1376,2,311.5400451,211,0.726582244,2,blue
1376,3,285.4475159,214,0.655725037,2,blue
1376,4,99.61206396,212,0.570378285,3,blue
1376,5,240.620385,224,0.592018841,2,blue
1376,6,141.1354478,229,0.569655432,3,blue
1376,7,156.0791108,214,0.866128524,2,blue
1376,8,199.1178695,200,0.686955643,2,blue
1376,9,240.7038282,218,0.978395811,2,blue
1376,10,306.8388269,220,0.352707186,3,blue
1378,1,150.7844663,240,0.281141203,2,blue
1378,2,217.1799992,261,0.607346841,2,blue
1378,3,245.8888503,292,0.361499565,2,blue
1378,4,56.82471266,257,0.986603502,1,blue
1378,5,171.3549609,281,0.475194697,1,blue
1378,6,272.1501683,283,0.540789826,1,blue
1378,7,284.1898648,251,0.669147309,2,blue
1378,8,132.8207888,259,0.853735378,1,blue
1378,9,224.2958404,300,0.647397935,1,blue
1378,10,154.0969739,249,0.759391908,2,blue
1378,11,322.5491376,275,0.755240373,3,blue
1378,12,179.7163,201,0.680726103,1,blue
1379,1,326.7449027,177,0.558015462,3,blue
1379,2,152.8898413,182,0.846102858,2,blue
1379,3,193.9537284,189,0.6440753,2,blue
1379,4,243.1222975,189,0.937861883,2,blue
1379,5,338.061124,188,0.77610074,2,blue
1379,6,179.8138141,197,1.039155976,2,blue
1379,7,265.6826008,195,0.588440903,2,blue
1379,8,210.9529607,193,0.792945789,2,blue
1379,9,261.7176223,193,0.780062242,2,blue
1379,10,255.5580896,193,0.441428622,2,blue
1379,11,264.0061246,194,0.736830066,2,blue
1379,12,79.53575692,200,1.042281157,2,blue
1379,13,206.8625697,209,0.664737528,2,blue
1379,14,251.0863086,198,0.925184152,2,blue
1380,1,316.3793287,216,0.490021046,3,blue
1380,2,65.76909709,187,0.71391921,1,blue
1380,3,159.2992716,203,0.540835959,4,blue
1380,4,194.0632184,230,0.676084017,2,blue
1380,5,172.8471358,225,0.594136525,3,blue
1380,6,247.8422444,232,0.612407252,2,blue
1380,7,158.617492,230,0.691126661,3,blue
1380,8,222.6642148,239,0.414841385,3,blue
1381,1,44.13882914,197,0.852636136,2,blue
1381,2,129.8247197,199,0.428925623,3,blue
1381,3,78.91805012,209,0.814908029,2,blue
1381,4,80.88816337,206,0.704457178,2,blue
1381,5,83.20541693,183,0.55866398,2,blue
1381,6,55.68435191,206,0.440466637,2,blue
1381,7,67.57378047,176,0.826597045,2,blue
1381,8,28.05230098,197,0.62624744,2,blue
1381,9,80.40587117,200,0.616982601,2,blue
1381,10,58.66092604,208,1.154229909,2,blue
1381,11,97.49146661,146,0.57648485,2,blue
1381,12,20.52397207,201,0.867124295,2,blue
1381,13,101.5669711,222,0.606817022,3,blue
1382,1,51.13030222,230,0.915530459,1,blue
1382,2,65.1775379,225,0.912774574,1,blue
1382,3,33.01532458,221,1.228297587,1,blue
1382,6,36.30927025,260,1.121721475,1,blue
1382,8,35.14004816,235,0.89477271,1,blue
1382,9,35.24368289,246,1.025137234,1,blue
1383,1,403.0630475,276,0.628350788,3,blue
1383,2,367.8023895,276,0.543404889,2,blue
1383,3,401.3941747,277,0.744899956,2,blue
1383,4,348.2002801,290,0.557979607,3,blue
1383,5,327.4409493,286,0.613204364,2,blue
1383,6,375.5758755,275,0.425666213,3,blue
1383,7,330.9756239,278,0.305856226,3,blue
1383,8,337.9854409,282,0.424464592,2,blue
1383,9,267.5042028,276,0.667368348,2,blue
1383,10,300.9320995,277,0.303898602,3,blue
1383,11,149.0750236,262,0.63673172,2,blue
1384,1,255.9446796,238,0.639503262,3,blue
1384,2,276.4489196,237,0.485346223,2,blue
1384,4,41.21860943,142,0.781021754,1,blue
1384,5,119.5492228,241,0.611806451,2,blue
1384,6,187.5089838,247,0.641316982,1,blue
1384,7,94.93703744,254,0.697910075,1,blue
1384,8,126.7967519,254,0.77536945,1,blue
1384,9,193.3353257,255,0.646737253,2,blue
1384,10,108.2254436,265,0.828590174,1,blue
1384,11,129.405809,258,0.761059055,1,blue
1384,12,146.2190127,265,0.867582013,2,blue
1384,13,232.0127439,254,0.545880453,2,blue
1384,14,153.4439979,230,0.825482203,2,blue
1384,15,166.8203271,239,0.716461829,2,blue
1384,16,82.86579804,203,0.773755848,2,blue
1385,1,20.74686354,139,0.814834238,1,blue
1386,1,119.7621044,234,0.787117776,2,blue
1386,2,230.0242576,247,0.573262376,2,blue
1386,3,162.1206542,224,0.811704597,1,blue
1386,4,114.517761,242,0.615244192,2,blue
1386,5,236.877605,242,0.520798143,2,blue
1386,6,149.9870118,233,0.618252425,2,blue
1386,7,153.6758908,230,0.729147131,2,blue
1388,1,80.32350706,216,0.60866494,1,blue
1388,2,91.80186958,229,0.444197915,1,blue
1388,3,112.0543749,240,0.7904399,1,blue
1388,4,69.91724576,235,0.81481141,1,blue
1388,5,60.42996253,243,0.902529821,1,blue
1388,6,71.0840401,233,0.681748232,1,blue
1388,7,55.94692509,235,0.705041236,1,blue
1388,8,71.88409029,227,0.712318961,2,blue
1388,9,74.92668947,241,0.702013147,1,blue
1388,10,48.15130095,220,0.688320215,1,blue
1388,11,60.5785622,226,0.630548859,1,blue
1388,12,45.44167102,237,0.801019705,1,blue
1388,13,80.91001187,225,0.588413327,1,blue
1388,14,61.55586214,240,0.817827681,1,blue
1388,15,60.75276719,209,0.557471116,2,blue
1389,1,119.9367133,216,0.29433636,2,blue
1389,2,98.75592826,202,0.52383067,2,blue
1389,3,86.31812899,211,0.693106472,2,blue
1389,4,49.09566503,193,0.610887842,1,blue
1389,5,36.34033588,193,0.69176327,1,blue
1389,6,84.47877143,212,0.483613873,2,blue
1389,7,42.93411974,193,0.777841391,1,blue
1389,8,30.92747941,186,0.757511742,1,blue
1389,9,26.74906331,189,0.7224751,1,blue
1389,10,58.92505666,222,0.693039355,2,blue
1389,11,110.4067813,224,0.55255534,2,blue
1389,12,22.97543166,195,0.576667132,1,blue
1389,13,87.34529061,219,0.664634084,2,blue
1389,14,95.92815459,216,0.703943982,2,blue
1389,15,107.6651627,214,0.476375147,2,blue
1389,16,176.8377112,223,0.375952388,2,blue
1390,1,185.334416,232,0.620426217,1,blue
1390,2,182.0689546,246,0.500815107,2,blue
1390,3,109.8888198,228,0.73505713,2,blue
1390,4,112.8708751,220,0.974952027,1,blue
1390,5,72.47775416,229,0.811068953,1,blue
1390,6,63.38603367,227,0.521242423,1,blue
1390,8,65.24232968,227,0.953375002,1,blue
1390,9,150.2523165,245,0.697484019,2,blue
1390,10,126.9208587,250,0.777304609,2,blue
1390,11,172.1678216,243,0.734765703,1,blue
1390,12,218.1070279,223,0.579412083,2,blue
1391,1,153.8766154,215,0.324662288,2,blue
1391,2,178.2913834,220,0.354427346,3,blue
1391,3,173.8542349,223,0.647026595,2,blue
1391,4,160.1922054,224,0.721172257,2,blue
1391,5,115.2891547,222,0.843415165,2,blue
1391,6,121.2250511,222,0.706493244,2,blue
1391,8,81.65794334,221,0.85474068,1,blue
1391,9,97.45183412,221,0.811210129,1,blue
1391,10,111.7528977,219,0.811826584,2,blue
1391,11,178.135109,221,0.142506959,3,blue
1391,12,174.5854304,211,0.151183832,2,blue
1392,1,154.8745975,149,0.894963522,3,blue
1392,2,126.6378256,193,0.763126824,2,blue
1392,3,117.6135318,170,0.76803205,2,blue
1392,4,114.0953383,188,0.8202261,2,blue
1392,7,136.4863428,177,0.898640266,2,blue
1393,1,104.021307,183,0.734245427,2,blue
1393,2,91.19378757,183,0.458943718,2,blue
1393,3,77.90915223,184,0.821009433,1,blue
1393,4,81.98537044,169,0.696676412,2,blue
1393,5,75.86784106,188,0.52856885,2,blue
1393,6,110.8706102,200,0.398910132,2,blue
1393,7,96.25650568,185,0.510616268,3,blue
1393,8,87.59228739,175,0.424480803,2,blue
1393,9,104.0868637,188,0.674227052,2,blue
1394,1,284.9783869,242,0.323662654,2,blue
1394,3,229.603545,239,0.50732196,2,blue
1394,4,256.5242596,250,0.623563188,2,blue
1394,5,234.6055067,261,0.605724054,2,blue
1394,6,249.848103,252,0.373791597,2,blue
1394,7,247.1467603,277,0.401327697,2,blue
1395,1,46.05660007,160,0.939478693,1,blue
1395,2,96.93725743,183,0.979465656,2,blue
1395,3,115.2928852,199,0.869915201,2,blue
1395,4,68.5210162,193,0.696931027,2,blue
1395,5,112.4301256,199,0.915761066,2,blue
1395,6,144.8063941,199,0.730052452,2,blue
1396,1,105.3511195,216,0.270979444,3,blue
1396,2,72.17411377,212,0.350665265,2,blue
1396,3,74.46408901,218,0.480846438,2,blue
1397,1,138.0812785,249,0.603044114,2,blue
1397,2,88.31478937,242,0.520078737,1,blue
1397,3,75.66623509,245,0.651983254,1,blue
1397,4,72.66127556,210,0.944928701,2,blue
1397,5,57.729852,253,0.501609103,2,blue
1397,7,75.6276802,263,0.748277985,2,blue
1397,8,15.17491872,216,0.797402838,1,blue
1397,9,94.87828008,251,0.425893912,1,blue
1397,10,33.1691718,241,0.767257259,1,blue
1397,12,172.2911287,263,0.272215152,2,blue
1397,13,34.75499942,240,0.587202445,1,blue
1397,14,134.8056314,264,0.76454086,1,blue
1398,1,112.2052899,173,0.529863172,2,blue
1398,2,90.0301333,187,0.818471915,2,blue
1398,3,64.21705772,197,0.662335248,2,blue
1398,4,57.6573921,197,0.691384693,1,blue
1398,5,55.09686296,179,1.124060955,1,blue
1398,6,46.80458517,179,0.785818828,2,blue
1398,7,67.91635142,189,0.432582902,2,blue
1398,8,51.29642815,197,0.67446161,1,blue
1398,9,62.48883965,188,0.530280876,2,blue
1398,10,66.52763798,190,0.732290186,1,blue
1398,11,101.8120178,179,0.331674055,2,blue
1399,1,166.1319196,195,0.54806507,2,blue
1399,2,165.9584009,201,0.653048225,2,blue
1399,3,118.2030527,195,0.621054013,2,blue
1399,4,173.2618023,189,0.501988686,2,blue
1399,5,145.1535828,209,0.555479672,2,blue
1400,1,93.11413049,197,0.568961607,2,blue
1400,2,89.18721247,201,0.396886351,2,blue
1400,3,58.94232466,192,0.524285686,2,blue
1400,4,67.53517371,215,0.577697965,2,blue
1400,5,97.32556601,212,0.764575763,2,blue
1400,6,103.2152716,222,0.684154459,2,blue
1401,1,77.13206463,258,0.613557141,3,blue
1401,2,97.2635851,262,0.772277812,2,blue
1401,3,187.1569036,289,0.617118843,2,blue
1401,4,124.7663621,281,0.556419746,2,blue
1401,5,150.2645933,254,0.610629832,2,blue
1401,6,146.3694571,268,0.493178876,3,blue
1401,7,107.9938234,274,0.725164932,3,blue
1401,8,112.5844824,269,0.482138803,3,blue
1401,10,111.2593152,266,0.191173907,3,blue
1401,11,138.9316883,281,0.50443653,2,blue
1401,12,135.8281083,272,0.765622965,2,blue
1401,13,169.1103852,253,0.533103766,2,blue
1402,1,85.14091873,174,0.743304496,2,blue
1402,3,125.6196419,212,0.655814602,2,blue
1402,4,143.8489472,202,0.585484814,2,blue
1402,5,172.9773808,186,0.65084049,2,blue
1402,6,53.51393921,200,0.645407686,2,blue
1402,7,105.3392333,192,0.683139766,2,blue
1403,1,95.75059547,264,0.436510364,2,blue
1403,2,72.87293387,240,0.329655549,2,blue
1403,3,56.6911007,261,0.637524839,2,blue
1403,4,81.60686991,242,0.44035597,2,blue
1403,5,64.44066126,263,0.450059692,2,blue
1403,6,52.08793448,254,0.29486199,2,blue
1403,7,62.73552796,256,0.35820059,2,blue
1403,8,82.11823962,255,0.467348847,2,blue
1403,9,55.06314648,275,0.402109537,3,blue
1403,10,50.76917347,263,0.305139432,3,blue
1403,11,63.55356164,272,0.70471239,2,blue
1403,12,77.09585597,270,0.55440779,2,blue
1404,1,58.76883705,137,0.534194682,2,blue
1404,2,198.2854444,167,0.70425139,3,blue
1404,3,273.7418507,171,0.510554737,3,blue
1404,4,137.5335243,142,0.491068318,3,blue
1404,5,168.3655319,152,0.425291525,2,blue
1404,6,149.2345496,182,0.615745523,2,blue
1405,1,272.8579047,305,0.241560871,3,red
1405,2,206.9592731,295,0.631924919,2,red
1405,3,257.3307799,304,0.494974626,3,red
1405,4,277.5032306,320,0.497470734,3,red
1405,5,239.1867501,314,0.635739879,3,red
1405,6,274.1571975,304,0.540724685,2,red
1405,7,290.5525757,315,0.468964703,3,red
1405,8,205.284281,313,1.029329564,2,red
1405,9,252.5948516,330,0.587148816,2,red
1405,10,228.5408957,324,0.755855717,2,red
1405,11,313.0549612,328,0.295893491,3,red
1405,12,289.5773939,316,0.790124922,2,red
1405,13,283.5176631,313,0.66100704,2,red
1405,14,288.5740417,328,0.596474209,2,red
1406,1,232.4620395,316,0.565911417,3,red
1406,2,335.3743621,323,0.549534829,2,red
1406,3,252.8329304,320,0.484881741,3,red
1406,4,264.847432,310,0.64003331,2,red
1406,5,161.8106223,306,0.423838152,2,red
1406,6,150.2317305,308,0.781982706,1,red
1406,7,54.13071534,291,0.766927108,1,red
1406,8,136.546115,317,0.610272748,1,red
1406,9,201.9874789,318,0.710316961,1,red
1406,10,171.2841273,310,0.343780033,2,red
1406,11,165.8289272,330,0.473371177,2,red
1406,12,239.5652862,332,0.567021105,2,red
1406,13,294.0226508,326,0.686722448,2,red
1407,1,263.7793857,345,0.593501281,3,red
1407,2,174.5461973,323,0.492831774,2,red
1407,3,177.4264415,320,0.755451937,2,red
1407,4,211.9772724,321,0.563945563,2,red
1407,5,168.2931826,311,0.584490494,2,red
1407,6,113.5893209,297,0.605971199,1,red
1407,7,150.9410412,314,0.818797545,2,red
1407,8,94.08572026,312,0.702267567,2,red
1407,9,108.2304247,307,0.826840448,2,red
1407,10,211.8863123,304,0.552643662,2,red
1407,11,126.4666358,314,0.843649721,1,red
1407,12,175.5739437,313,0.558190326,2,red
1407,13,112.8727457,317,1.299386041,1,red
1407,14,126.0817457,310,0.606516057,2,red
1407,15,207.8951076,328,0.603587952,1,red
1407,16,235.6225609,312,0.493050007,3,red
1408,1,955.9986252,341,0.609603702,4,red
1408,2,458.934092,350,0.654971107,2,red
1408,3,422.4599884,352,0.837887639,2,red
1408,4,401.1209264,356,0.735082886,2,red
1408,5,314.5920838,355,0.758603915,2,red
1408,6,437.4723647,350,0.562843658,3,red
1408,7,400.8950061,368,0.778674458,2,red
1408,8,476.0971809,363,0.768479314,2,red
1408,9,258.5852424,362,0.590086492,2,red
1408,10,309.8143834,359,0.771164954,2,red
1408,11,376.0456861,362,0.732140998,2,red
1408,12,293.8016254,360,0.540644891,2,red
1408,13,419.2555191,364,0.72036511,2,red
1408,14,155.3710231,342,0.790436407,2,red
1408,15,280.6439466,353,0.684106499,2,red
1408,16,681.1024813,363,0.554011722,3,red
1409,1,667.2824384,327,0.808226995,2,red
1409,2,537.7620647,346,0.884547955,2,red
1409,3,404.8441947,350,0.775738381,2,red
1409,4,329.3669038,340,0.831813632,1,red
1409,5,292.5158023,353,0.822290104,1,red
1409,6,247.4131722,355,0.921475944,1,red
1409,7,351.9548025,357,0.724355376,1,red
1409,8,213.0733011,364,0.984714916,2,red
1409,9,494.713985,368,0.694122531,1,red
1409,10,408.8270665,367,0.99270717,1,red
1409,11,520.7512401,370,0.704972274,2,red
1409,12,611.3340846,370,0.673557132,2,red
1409,13,481.4091298,372,0.744373167,3,red
1409,14,587.4977787,359,0.806523241,2,red
1410,1,562.8598173,329,0.698416667,2,red
1410,2,420.9760542,341,0.73384216,2,red
1410,3,287.0998853,342,0.728687064,2,red
1410,4,333.2387852,346,0.606192804,2,red
1410,5,286.7532932,347,0.689866719,2,red
1410,8,170.5718099,336,0.87582282,1,red
1410,9,175.7701355,335,0.321462196,2,red
1410,10,272.3421763,337,0.472190051,2,red
1410,11,368.680826,335,0.566361852,2,red
1410,12,392.3450519,332,0.612381911,2,red
1410,13,221.4177258,316,0.504664431,1,red
1410,14,347.0806679,345,0.653564938,2,red
1410,15,407.9968201,335,0.557551565,1,red
1411,1,1015.750214,333,0.588999148,3,red
1411,2,194.8794759,323,0.738715463,2,red
1411,3,473.5144565,337,0.73367093,3,red
1411,4,437.4226272,338,0.662083771,2,red
1411,5,379.626037,330,0.656894349,2,red
1411,6,225.562569,325,0.149839369,2,red
1411,7,309.6177907,348,0.603264828,3,red
1411,8,458.3977774,347,0.566509738,2,red
1411,9,390.3403001,347,0.655939127,3,red
1411,10,417.411284,351,0.624918995,3,red
1411,11,535.6183931,346,0.652743609,3,red
1411,12,467.8398106,346,0.569070775,2,red
1412,1,458.7676756,319,0.594141989,2,red
1412,2,633.5166471,324,0.553551666,3,red
1412,3,308.2751413,326,0.310846649,2,red
1412,4,412.5218426,324,0.364958112,2,red
1412,5,393.2942768,322,0.253762953,2,red
1412,6,222.6682428,325,0.558678931,2,red
1412,7,76.79672266,308,0.411865109,1,red
1412,9,310.6026429,318,0.467707109,2,red
1412,10,345.7306483,323,0.277491717,2,red
1412,11,388.4646215,323,0.419637387,2,red
1412,12,228.1559042,337,0.331226388,2,red
1412,13,460.4180183,331,0.292494429,2,red
1412,14,451.1737918,330,0.314992417,2,red
1413,1,574.6972327,334,0.760207328,2,red
1413,2,395.1808568,355,0.817882839,2,red
1413,3,326.1580836,354,0.805052102,1,red
1413,4,229.3867182,351,0.897406369,1,red
1413,5,374.3870163,355,0.61944993,2,red
1413,6,190.7327326,335,0.702916945,1,red
1413,7,242.2929713,335,0.903804586,1,red
1413,8,117.2328301,323,0.718216428,1,red
1413,9,238.9714687,337,0.803149912,2,red
1413,10,308.7212274,343,0.651743321,2,red
1413,11,361.536204,361,0.771399114,2,red
1413,12,500.3669067,358,0.622274546,2,red
1413,13,431.6809955,335,0.748229932,2,red
1414,1,622.8987615,346,0.587393422,3,red
1414,2,272.3457873,345,0.762504034,1,red
1414,3,110.2703105,337,0.772180565,1,red
1414,4,137.537802,348,0.499856523,1,red
1414,5,244.2798151,345,0.582288006,1,red
1414,6,368.7039996,332,0.150889786,2,red
1414,7,121.2760948,291,0.756605774,2,red
1414,8,165.4410407,315,0.789668131,1,red
1414,9,216.5003757,332,0.61561956,2,red
1414,10,213.8115662,330,0.489824113,2,red
1414,12,273.6437621,315,0.81615989,2,red
1415,1,436.4366355,320,0.160325026,3,red
1415,2,339.1460696,323,0.660473266,3,red
1415,3,330.3659754,319,0.326544832,3,red
1415,4,363.1756979,315,0.417205641,2,red
1415,5,241.5978085,316,0.393248398,2,red
1415,6,319.1166083,326,0.430547137,3,red
1415,7,242.6371916,323,0.343036558,2,red
1415,9,223.1264315,327,0.507164111,2,red
1415,10,203.1670395,327,0.390649249,2,red
1415,11,203.2716011,322,0.288795899,2,red
1415,12,182.8639165,332,0.678759206,2,red
1415,13,255.8489334,326,0.454137764,2,red
1415,14,245.5618547,319,0.601534139,2,red
1416,1,881.8534637,336,0.619918865,4,red
1416,2,606.0391279,331,0.561745743,2,red
1416,3,484.154187,354,0.792289464,2,red
1416,4,409.2964082,353,0.850074796,2,red
1416,5,442.1628959,345,0.595171577,2,red
1416,6,446.2321407,345,0.686028118,2,red
1416,7,107.2028773,340,0.840786365,2,red
1416,8,263.2211528,349,0.696711514,2,red
1416,9,561.0045084,349,0.730268466,2,red
1416,10,492.0877585,357,0.853920006,2,red
1417,1,969.8984048,338,0.632696435,3,red
1417,4,703.4388114,355,0.565870778,2,red
1417,7,478.6366964,355,0.687512775,1,red
1417,8,391.4993168,354,0.714694336,2,red
1417,9,641.3538347,362,0.687242138,2,red
1417,10,650.7713986,360,0.457480785,3,red
1417,11,663.0055642,362,0.65055614,2,red
1417,12,844.2704458,360,0.623049285,2,red
1417,13,718.0743842,361,0.693222952,2,red
1418,1,961.616326,331,0.591816751,3,red
1418,2,814.6560373,345,0.690542324,3,red
1418,3,676.5439576,340,0.475803628,3,red
1418,4,599.1661117,343,0.742295452,2,red
1418,5,687.339822,344,0.541461794,2,red
1418,6,520.5708967,336,0.5727877,2,red
1418,7,644.6808098,351,0.25599226,3,red
1418,8,462.456421,337,0.770436862,2,red
1418,9,310.6238655,336,0.508909989,2,red
1418,10,474.8235345,345,0.489656562,3,red
1418,11,638.797349,336,0.47437028,3,red
1418,12,280.1193221,335,0.427481911,4,red
1418,13,300.5046883,345,1.221770242,2,red
1418,14,552.5360074,345,0.574759484,4,red
1419,1,588.910304,344,0.073621856,3,red
1419,2,425.8146233,337,0.673640877,2,red
1419,3,289.8105987,336,0.444457573,2,red
1419,4,532.3771847,341,0.56511368,3,red
1419,5,585.3715855,342,0.6272835,2,red
1419,6,635.6790317,323,0.7506076,2,red
1419,7,528.0109275,325,0.647411179,3,red
1419,8,188.9003585,320,0.108825326,3,red
1419,9,499.3069026,327,0.644348797,3,red
1419,10,528.6412304,313,0.327367248,3,red
1419,11,1028.96075,316,0.567445247,3,red
1420,1,891.1681667,363,0.628686494,3,red
1420,4,549.4887954,355,0.592914819,2,red
1420,5,95.22605422,334,0.857546868,2,red
1420,6,491.6165509,355,0.551933884,2,red
1420,7,663.0151866,355,0.794197812,2,red
1420,8,707.7137265,342,0.612519737,2,red
1420,9,911.8499382,337,0.578981963,3,red
1420,10,920.1892256,335,0.567154217,3,red
1421,1,195.8366008,352,0.788557749,2,red
1421,2,159.511106,366,0.945258562,1,red
1421,3,144.0820403,355,0.944346183,2,red
1421,4,190.1209832,343,0.529609688,1,red
1421,5,175.698882,334,0.722161512,1,red
1421,6,134.8612305,342,1.01751063,1,red
1421,7,87.83086464,350,0.748484215,2,red
1421,8,117.5209051,354,1.008687334,2,red
1421,9,203.9348898,357,0.460005921,2,red
1421,10,194.9308483,341,0.70312618,2,red
1421,11,64.92299001,292,0.703006864,2,red
1421,12,221.2883077,343,0.736957706,2,red
1421,13,337.5253665,325,0.623823263,2,red
1422,1,324.9931466,373,0.779664455,3,red
1422,2,228.7368956,364,0.891151504,2,red
1422,3,303.6192626,360,0.871053646,2,red
1422,4,360.7509352,356,0.714932879,2,red
1422,5,258.5441445,363,0.862992245,2,red
1422,6,143.8422955,357,0.687183633,1,red
1422,7,221.5329743,369,1.302177823,1,red
1422,8,210.9066438,347,0.561204767,1,red
1422,9,107.0236879,339,1.043661332,0,red
1422,10,400.0203458,353,0.720611001,3,red
1422,11,309.9049436,355,0.732704604,2,red
1422,12,431.583661,347,0.650037479,2,red
1422,13,465.9469049,336,0.616484022,2,red
1423,1,315.4609557,346,0.670883211,2,red
1423,2,314.9069619,352,0.773046338,2,red
1423,5,188.0259373,329,0.578050866,1,red
1423,6,111.1023225,332,0.721374992,1,red
1423,7,189.6750498,332,0.656283109,1,red
1423,8,144.970315,331,0.755109098,1,red
1423,9,115.8750898,332,0.632358397,1,red
1423,10,243.8175471,329,0.695876687,1,red
1423,11,228.2174911,323,0.853579855,1,red
1423,12,283.4229989,324,0.62016627,1,red
1423,13,392.2989312,318,0.649576751,2,red
1423,14,276.2810258,303,0.73180162,2,red
1424,1,450.7931255,367,0.493077176,3,red
1424,2,247.318197,346,0.619256779,1,red
1424,3,176.9582749,347,0.929538415,1,red
1424,4,364.4681571,350,0.373354671,2,red
1424,5,300.0553305,347,0.534557403,2,red
1424,6,365.8135844,353,0.583075318,2,red
1424,7,360.6345972,348,0.483334136,2,red
1424,8,323.4940053,356,0.578297565,3,red
1424,9,428.8164383,345,0.560463948,2,red
1424,10,190.6342585,322,0.673491286,1,red
1424,11,321.9993723,341,0.611081967,2,red
1424,12,386.8691736,337,0.357938414,2,red
1424,13,329.7154197,338,0.558122094,2,red
1424,14,428.79536,323,0.358612611,3,red
1425,1,206.3626601,348,1.013773206,2,red
1425,2,250.1985043,350,0.713178974,2,red
1425,3,177.0069465,347,0.481383541,1,red
1425,4,178.9020893,348,0.500421624,2,red
1425,5,145.8338699,351,0.891126332,1,red
1425,6,225.7874701,346,0.794046615,1,red
1425,7,169.9886761,344,0.855763598,1,red
1425,8,136.8009811,341,0.41501471,2,red
1425,9,155.4555173,334,0.761075117,1,red
1425,10,201.1464856,351,0.853591707,1,red
1425,11,242.7312213,333,0.800050966,2,red
1425,12,118.8261698,324,0.820953086,1,red
1425,13,143.3562963,310,0.592634358,2,red
1425,14,316.0190035,313,0.434901043,2,red
1426,1,402.5901599,336,0.738659549,1,red
1426,2,208.9432334,350,0.808467915,2,red
1426,3,251.1684964,347,0.536205987,2,red
1426,4,188.9328104,344,0.642994633,2,red
1426,5,157.6745515,340,0.680584985,2,red
1426,6,266.9123424,343,0.673839574,1,red
1426,7,174.2190703,339,0.849315328,1,red
1426,8,156.576394,332,0.736455366,1,red
1426,9,237.5483399,322,0.474633044,2,red
1426,10,263.0251053,341,0.52742147,2,red
1426,11,294.0596303,337,0.732197575,1,red
1426,12,301.7913474,315,0.644198098,1,red
1426,13,241.9872199,310,0.631714307,2,red
1426,14,378.5718204,309,0.455427972,3,red
1427,1,372.2848223,343,0.597334766,3,red
1427,2,452.6113575,344,0.785035335,2,red
1427,3,419.4998412,345,0.377108824,3,red
1427,4,182.2031445,327,0.803082107,3,red
1427,5,260.4197039,333,0.596205828,2,red
1427,6,252.9107028,319,0.418458559,3,red
1427,7,416.7106781,315,0.424105968,4,red
1427,8,297.6062153,310,0.409204783,3,red
1428,1,375.0439949,357,0.767132057,2,red
1428,2,295.6147296,346,0.707188363,2,red
1428,3,214.7213534,348,0.868567524,2,red
1428,4,147.0042662,344,0.819592949,1,red
1428,5,222.3890637,333,0.460317515,2,red
1428,6,211.7584364,335,0.726818402,1,red
1428,7,119.7686401,336,0.764987802,2,red
1428,8,187.9148088,339,0.566029377,2,red
1428,9,223.4777997,337,0.626302023,2,red
1428,10,218.0518764,330,0.714779654,1,red
1428,11,203.6327497,320,0.732678731,1,red
1428,12,257.9607704,298,0.642268727,2,red
1429,1,192.3974802,335,0.678522444,2,red
1429,2,197.161346,325,0.475597668,2,red
1429,3,202.8424687,322,0.686690192,2,red
1429,4,166.7874134,316,0.611872836,2,red
1429,5,189.9921205,312,0.63135339,2,red
1429,6,93.05288149,311,0.83272702,2,red
1429,7,88.74174191,309,0.59985767,1,red
1429,8,188.9099622,308,0.612722236,2,red
1429,9,94.31716244,300,0.648709868,2,red
1429,10,128.3462121,314,0.581123563,2,red
1429,11,247.6111263,303,0.526034689,3,red
1430,1,322.1234664,347,0.564668292,3,red
1430,2,298.8195734,353,0.686693524,2,red
1430,3,404.0259799,343,0.609257876,2,red
1430,4,401.5583706,322,0.620871124,2,red
1430,5,366.8673079,344,0.4336107,3,red
1430,6,262.5811303,355,0.523454185,2,red
1430,7,425.7086303,325,0.417618791,3,red
1430,8,516.9949942,322,0.452163878,2,red
1430,9,350.571522,311,0.454058428,2,red
1430,10,493.8672757,310,0.605007276,2,red
1431,1,419.5349167,365,0.296629067,3,red
1431,2,403.414969,360,0.477179753,3,red
1431,3,321.6520105,355,0.560241769,2,red
1431,4,298.9460761,357,0.640374867,2,red
1431,5,250.8303879,361,0.785186185,2,red
1431,6,267.9488154,354,0.563293995,3,red
1431,7,282.4690667,336,0.760581401,2,red
1431,8,264.0669193,353,0.777238714,2,red
1431,9,232.1757383,357,0.506295603,2,red
1431,10,411.7353364,355,0.426142369,3,red
1431,11,297.8435263,345,0.674227705,2,red
1431,12,344.5387015,343,0.583496024,3,red
1431,13,470.7822116,330,0.377549904,3,red
1431,14,703.2461077,325,0.396496253,4,red
1433,1,401.8293146,322,0.745303305,3,red
1433,2,188.0606056,307,0.190441808,3,red
1433,3,331.7930946,338,0.555539019,2,red
1433,4,337.4713381,334,0.496009851,2,red
1433,5,197.4531413,320,0.741767601,2,red
1433,6,401.1422644,333,0.59498003,2,red
1433,7,239.4430655,313,0.619793828,2,red
1433,8,281.7539556,314,0.746840524,2,red
1433,9,276.9073165,301,0.798025536,2,red
1433,10,206.1543401,314,0.531999935,2,red
1433,11,302.4482475,324,0.759048526,2,red
1433,12,295.1600436,326,0.863788717,2,red
1433,13,427.4942673,291,0.577465175,2,red
1434,1,424.5571324,330,0.53503309,3,red
1434,2,472.2204466,341,0.503667444,2,red
1434,3,447.5182387,336,0.463003149,3,red
1434,4,520.441476,338,0.480372471,3,red
1434,5,222.6629396,340,0.712226046,2,red
1434,6,392.3485028,335,0.812199896,3,red
1434,7,399.839201,343,0.572321891,3,red
1434,8,434.4384801,330,0.548836834,3,red
1434,9,469.5641447,330,0.669284622,3,red
1434,10,623.7202173,326,0.394475972,3,red
1435,1,415.2392477,343,0.635688405,2,red
1435,2,252.077014,337,0.651049977,2,red
1435,3,421.0966439,350,0.546180815,2,red
1435,4,288.8501342,347,0.622815439,2,red
1435,5,149.3511171,344,0.719516188,1,red
1435,6,343.3139207,349,0.68233432,2,red
1435,7,281.8823099,350,0.655740928,2,red
1435,8,427.7146223,342,0.491994441,2,red
1435,9,482.0471195,343,0.580122729,3,red
1435,10,584.6389817,338,0.35166438,3,red
1435,11,584.9680404,320,0.532055988,3,red
1436,1,273.6968811,332,0.561288434,2,red
1436,2,269.7248891,328,0.449747155,2,red
1436,3,168.6922405,323,0.672026843,2,red
1436,4,202.8244254,333,0.734786647,2,red
1436,5,84.39083658,317,0.695939224,1,red
1436,6,173.7251682,335,0.822873007,2,red
1436,7,159.9905468,329,0.894084998,1,red
1436,8,290.3232408,328,0.543070055,2,red
1436,9,169.2638894,322,0.676211993,2,red
1436,10,243.5192838,320,0.507494609,2,red
1436,11,353.9583027,327,0.551803392,2,red
1436,12,319.6053035,323,0.535344453,2,red
1436,13,392.369008,308,0.59829912,3,red
1437,1,419.8435022,329,0.474552121,3,red
1437,2,417.332603,347,0.639703177,3,red
1437,3,265.0399065,330,0.320046122,3,red
1437,4,370.7499273,341,0.264577699,3,red
1437,5,249.8955502,330,0.345895294,3,red
1437,6,206.0102724,325,0.408023805,3,red
1437,7,185.1755608,325,0.461944824,3,red
1437,8,137.5445521,319,0.750446288,2,red
1437,9,103.4780222,322,0.677653034,2,red
1437,10,207.5603408,331,0.503316255,3,red
1437,11,415.4359329,343,0.499118046,3,red
1437,12,259.5175967,332,0.321636485,3,red
1437,13,407.8461498,325,0.47774476,3,red
1438,1,324.9184297,337,0.516600714,3,red
1438,2,302.6075895,317,0.437827454,3,red
1438,3,250.880918,319,0.609751938,2,red
1438,4,291.5738604,337,0.467973919,3,red
1438,5,108.6962709,296,0.663133447,2,red
1438,6,102.0405986,308,0.881936982,2,red
1438,7,253.4278739,346,0.635712666,2,red
1438,8,125.2819217,322,0.652815588,2,red
1438,9,154.0085044,313,0.732099044,2,red
1438,10,323.7073696,318,0.539285122,2,red
1438,11,127.4679892,269,0.362965248,2,red
1439,1,361.0625672,325,0.734278881,2,red
1439,2,327.3665231,326,0.584760406,3,red
1439,3,236.9259981,329,0.631841989,2,red
1439,4,94.31433322,297,0.695619445,1,red
1439,5,283.1851423,321,0.495575992,2,red
1439,6,281.8422037,331,0.509474501,2,red
1439,7,170.1283605,328,0.601724652,2,red
1439,8,253.3722933,327,0.536376294,2,red
1439,9,119.2507629,305,0.592426738,2,red
1439,10,192.9673485,323,0.611225897,2,red
1439,11,147.9129293,305,0.608277988,2,red
1439,12,196.6878049,316,0.307735165,3,red
1439,13,261.3485198,314,0.466630597,2,red
1439,14,401.1948671,319,0.506883595,2,red
1440,1,441.035509,320,0.608238096,3,red
1440,2,319.9449744,325,0.754040815,2,red
1440,3,230.7145364,317,1.072902035,1,red
1440,4,321.1400416,322,0.955838593,1,red
1440,5,340.7419213,321,0.80325469,1,red
1440,6,346.3636148,321,0.788305372,1,red
1440,7,357.217026,320,0.737711373,1,red
1440,8,271.3198209,307,0.532587568,2,red
1440,9,432.5342206,323,0.744564223,2,red
1440,10,554.7744587,306,0.777545044,2,red
1440,11,492.4580105,327,0.731636141,2,red
1440,12,376.6159123,321,0.918767252,2,red
1440,13,451.887443,302,0.788609716,2,red
1441,1,477.8239252,309,0.414571627,3,red
1441,2,364.9891785,306,0.384471511,3,red
1441,3,282.4175039,305,0.39834339,2,red
1441,4,253.3316395,301,0.424628018,2,red
1441,5,168.5548165,298,0.544616565,2,red
1441,6,113.7355195,290,0.32034368,2,red
1441,7,140.4868778,294,0.489652393,1,red
1441,8,191.3877634,295,0.434240955,2,red
1441,9,183.7026579,307,0.429531398,2,red
1441,10,143.4957446,305,0.520121317,2,red
1441,11,428.7867818,309,0.421020074,2,red
1441,12,304.7169456,320,0.620924289,1,red
1441,13,436.4990035,312,0.619256167,2,red
1441,14,628.3633422,290,0.474797843,3,red
1442,2,521.2984875,334,0.813806074,2,red
1442,3,438.307358,340,0.69970287,2,red
1442,4,369.0469201,343,0.786570816,1,red
1442,5,323.3498033,342,0.713593084,1,red
1442,6,359.8391142,334,0.594274281,3,red
1442,7,327.4609993,342,0.516853741,2,red
1442,8,390.083946,327,0.696982586,2,red
1442,9,447.7507318,320,0.839710318,2,red
1442,10,340.3277401,318,0.61492212,2,red
1442,11,241.0176733,315,0.670370425,2,red
1442,12,499.0091685,326,0.340571693,3,red
1442,13,671.1426878,310,0.42467201,3,red
1443,1,301.1934723,291,0.419846937,3,red
1443,2,218.8563897,297,0.625491681,2,red
1443,3,149.1127161,281,0.620935918,2,red
1443,4,171.9105242,292,0.622648461,2,red
1443,5,202.4840018,298,0.548603421,2,red
1443,6,178.4121098,298,0.569497579,2,red
1443,7,197.7711398,284,0.55314303,2,red
1443,8,152.7158598,284,0.562828124,2,red
1443,9,229.009813,288,0.486936839,1,red
1443,10,268.8833032,287,0.462188053,3,red
1443,11,263.6350185,287,0.444394184,3,red
1443,12,262.9828401,289,0.524154382,3,red
1443,13,275.8221527,292,0.426777934,3,red
1443,14,309.2413562,279,0.461225436,3,red
1444,1,417.9875621,291,0.734260798,3,red
1444,2,518.979911,311,0.512378086,3,red
1444,3,317.1303156,314,0.485409949,2,red
1444,4,437.8415258,312,0.426792148,3,red
1444,5,235.2570744,291,0.517380953,2,red
1444,6,476.3121558,318,0.458572446,3,red
1444,7,428.9809821,317,0.504728528,3,red
1444,8,470.5608937,313,0.351597061,3,red
1444,9,484.6238823,325,0.516566334,3,red
1444,10,402.7795086,331,0.739396161,2,red
1444,11,344.3959411,312,0.401104455,3,red
1444,12,240.8958821,297,0.68871381,2,red
1444,13,530.2061678,313,0.833033681,2,red
1444,14,394.3603041,300,0.396363348,4,red